Column1;Product_Name;GPU_Chip;Released;Bus;Memory;GPU_clock;Memory_clock;Shaders_TMUs_ROPs
0;Color Emulation Card;CW16800-A;Aug 4th, 1986;PCI;32 KB, DRAM, 32 bit;10 MHz;5 MHz;0 / 0 / 0 / 0
1;Graphics Solution;CW16800-A;Sep 22nd, 1986;PCI;64 KB, DRAM, 32 bit;10 MHz;5 MHz;0 / 0 / 0 / 0
2;EGA Wonder 800;16899-0;Nov 16th, 1987;PCI;256 KB, DRAM, 32 bit;10 MHz;8 MHz;1 / 0 / 0 / 1
3;Graphics Solution Plus;CW16800-B;Mar 23rd, 1987;PCI;64 KB, DRAM, 32 bit;10 MHz;5 MHz;0 / 0 / 0 / 0
4;VGA Improved Performance;16899-0;Sep 28th, 1987;PCI;256 KB, DRAM, 32 bit;10 MHz;10 MHz;1 / 0 / 0 / 1
5;EGA Wonder 480;16899-0;Dec 26th, 1988;PCI;256 KB, DRAM, 32 bit;10 MHz;8 MHz;1 / 0 / 0 / 1
6;EGA Wonder 800+;18800-1;1988;PCI;256 KB, DRAM, 32 bit;25 MHz;8 MHz;1 / 0 / 0 / 1
7;No graphics cards found. Please change your search criteria.;;;;;;;
8;VGA Wonder;18800-1;Feb 5th, 1990;PCI;256 KB, DRAM, 32 bit;10 MHz;10 MHz;1 / 0 / 0 / 1
9;VGA Wonder+;28800-5;Nov 1st, 1990;PCI;512 KB, DRAM, 32 bit;10 MHz;10 MHz;1 / 0 / 0 / 1
10;No graphics cards found. Please change your search criteria.;;;;;;;
11;8514-Ultra;Mach8;1992;PCI;1 MB, VRAM, 32 bit;10 MHz;10 MHz;1 / 0 / 0 / 1
12;Graphics Ultra;Mach8;1992;PCI;1 MB, VRAM, 32 bit;10 MHz;10 MHz;1 / 0 / 0 / 1
13;Graphics Ultra Pro ISA;Mach32;1992;PCI;2 MB, DRAM, 64 bit;10 MHz;10 MHz;1 / 0 / 0 / 1
14;Graphics Ultra Pro ISA;Mach32;1992;PCI;2 MB, DRAM, 64 bit;10 MHz;10 MHz;1 / 0 / 0 / 1
15;Graphics Vantage;Mach8;1992;PCI;1 MB, DRAM, 32 bit;10 MHz;10 MHz;1 / 0 / 0 / 1
16;Graphics Wonder PCI;Mach32;1992;PCI;1 MB, DRAM, 64 bit;10 MHz;10 MHz;1 / 0 / 0 / 1
17;Graphics Wonder VLB;Mach32;1992;PCI;1 MB, DRAM, 64 bit;10 MHz;10 MHz;1 / 0 / 0 / 1
18;VGA Wonder XL24;28800-6;Mar 16th, 1992;PCI;1 MB, DRAM, 32 bit;10 MHz;10 MHz;1 / 0 / 0 / 1
19;Graphics Ultra Pro PCI;Mach32;1993;PCI;1 MB, DRAM, 64 bit;66 MHz;83 MHz;1 / 0 / 0 / 1
20;Graphics Ultra Pro VLB;Mach32;1993;PCI;1 MB, VRAM, 64 bit;10 MHz;10 MHz;1 / 0 / 0 / 1
21;Graphics Ultra XLR VLB;Mach32;1993;PCI;1 MB, VRAM, 64 bit;10 MHz;10 MHz;1 / 0 / 0 / 1
22;Playstation GPU 600nm;GTE;Dec 3rd, 1994;IGP;1 MB, VRAM, 32 bit;53 MHz;33 MHz;2 / 1 / 3 / 1
23;Graphics Pro Turbo;Mach64;1995;PCI;2 MB, VRAM, 64 bit;40 MHz;40 MHz;1 / 0 / 0 / 1
24;Graphics Xpression;Mach64;Nov 1st, 1995;PCI;2 MB, EDO, 64 bit;40 MHz;40 MHz;1 / 0 / 0 / 1
25;Graphics Xpression ISA;Mach64;1995;PCI;2 MB, DRAM, 64 bit;40 MHz;40 MHz;1 / 0 / 0 / 1
26;Video Xpression;Mach64;Oct 23rd, 1995;PCI;1 MB, EDO, 64 bit;62 MHz;66 MHz;1 / 0 / 0 / 1
27;WinBoost;Mach64;Nov 1st, 1995;PCI;2 MB, EDO, 64 bit;40 MHz;40 MHz;1 / 0 / 0 / 1
28;WinCharger;Mach64;Nov 1st, 1995;PCI;2 MB, EDO, 64 bit;40 MHz;40 MHz;1 / 0 / 0 / 1
29;WinTurbo;Mach64;1995;PCI;2 MB, VRAM, 64 bit;40 MHz;40 MHz;1 / 0 / 0 / 1
30;NV1;NV1;Sep 30th, 1995;PCI;2 MB, EDO, 64 bit;75 MHz;60 MHz;1 / 0 / 1 / 1
31;STG-2000;NV1;Sep 30th, 1995;PCI;1 MB, FPM, 64 bit;75 MHz;50 MHz;1 / 0 / 1 / 1
32;Voodoo Graphics 4 MB;SST1;Oct 7th, 1996;PCI;4 MB, EDO, 128 bit;50 MHz;50 MHz;1 / 0 / 1 / 1
33;3D Rage;Mach64 GT;Apr 1st, 1996;PCI;2 MB, EDO, 64 bit;44 MHz;66 MHz;1 / 0 / 1 / 1
34;3D Rage II;Mach64 GT-B;Sep 5th, 1996;PCI;4 MB, SDR, 64 bit;60 MHz;83 MHz;1 / 0 / 1 / 1
35;3D Rage II+ DVD;Mach64 GT-B;Sep 1st, 1996;PCI;4 MB, SDR, 64 bit;60 MHz;83 MHz;1 / 0 / 1 / 1
36;3D Rage IIC AGP;Rage 2;Sep 1st, 1996;AGP 2x;4 MB, SDR, 64 bit;60 MHz;83 MHz;1 / 0 / 1 / 1
37;3D Rage IIC PCI;Rage 2;Sep 1st, 1996;PCI;2 MB, SDR, 64 bit;60 MHz;83 MHz;1 / 0 / 1 / 1
38;Video Xpression;Mach64;May 21st, 1996;PCI;1 MB, EDO, 64 bit;62 MHz;62 MHz;1 / 0 / 0 / 1
39;Video Xpression+;Mach64;May 1st, 1996;PCI;2 MB, EDO, 64 bit;62 MHz;62 MHz;1 / 0 / 0 / 1
40;3D Rage PRO AGP;Rage 3;Mar 1st, 1997;AGP 2x;2 MB, SDR, 64 bit;75 MHz;75 MHz;1 / 0 / 1 / 1
41;3D Rage PRO PCI;Rage 3;Mar 1st, 1997;PCI;8 MB, SDR, 64 bit;75 MHz;75 MHz;1 / 0 / 1 / 1
42;Rage LT PRO AGP;Mach64 LT;Nov 1st, 1997;AGP 2x;8 MB, SDR, 64 bit;75 MHz;100 MHz;1 / 0 / 1 / 1
43;Rage LT PRO AGP;Mach64 LT;Nov 1st, 1997;AGP 2x;8 MB, SDR, 64 bit;75 MHz;100 MHz;1 / 0 / 1 / 1
44;Rage PRO Turbo AGP;Rage 3 Turbo;Mar 1st, 1997;AGP 2x;4 MB, SDR, 64 bit;75 MHz;75 MHz;1 / 0 / 1 / 1
45;Rage PRO Turbo PCI;Rage 3 Turbo;Mar 1st, 1997;PCI;8 MB, SDR, 64 bit;75 MHz;75 MHz;1 / 0 / 1 / 1
46;Riva 128;NV3;Apr 1st, 1997;AGP 2x;4 MB, SDR, 128 bit;100 MHz;100 MHz;1 / 0 / 1 / 1
47;Riva 128 PCI;NV3;Apr 1st, 1997;PCI;4 MB, SDR, 128 bit;100 MHz;100 MHz;1 / 0 / 1 / 1
48;Playstation GPU 350nm;GTE-2;Nov 13th, 1997;IGP;1 MB, SGRAM, 32 bit;53 MHz;33 MHz;2 / 1 / 3 / 1
49;Voodoo Banshee AGP 16 MB;Banshee;Jun 22nd, 1998;AGP 2x;16 MB, SDR, 128 bit;100 MHz;100 MHz;1 / 0 / 1 / 1
50;Voodoo Banshee PCI 16 MB;Banshee;Jun 22nd, 1998;PCI;16 MB, SDR, 128 bit;100 MHz;100 MHz;1 / 0 / 1 / 1
51;Voodoo2 12 MB;SST2;Feb 2nd, 1998;PCI;12 MB, EDO, 192 bit;90 MHz;90 MHz;1 / 0 / 2 / 1
52;Voodoo2 8 MB;SST2;Feb 2nd, 1998;PCI;8 MB, EDO, 192 bit;90 MHz;90 MHz;1 / 0 / 2 / 1
53;Rage 128 GL;Rage 4;Aug 27th, 1998;AGP 2x;32 MB, SDR, 128 bit;80 MHz;60 MHz;2 / 0 / 2 / 2
54;Rage 128 GL PCI;Rage 4;Aug 27th, 1998;PCI;32 MB, SDR, 128 bit;103 MHz;103 MHz;2 / 0 / 2 / 2
55;Rage 128 PRO Ultra GL;Rage 4;Aug 1st, 1998;AGP 4x;16 MB, DDR, 64 bit;130 MHz;130 MHz;2 / 0 / 2 / 2
56;Rage 128 VR AGP;Rage 4;Aug 1st, 1998;AGP 2x;32 MB, DDR, 64 bit;80 MHz;125 MHz;2 / 0 / 2 / 2
57;Rage 128 VR PCI;Rage 4;Aug 1st, 1998;PCI;32 MB, DDR, 64 bit;80 MHz;125 MHz;2 / 0 / 2 / 2
58;Rage XL PCI;Rage 3;Aug 1st, 1998;PCI;8 MB, SDR, 64 bit;125 MHz;83 MHz;1 / 0 / 1 / 1
59;i740;Auburn;Feb 12th, 1998;AGP 2x;4 MB, SDR, 64 bit;66 MHz;100 MHz;2 / 0 / 1 / 1
60;i740 8 MB;Auburn;Feb 12th, 1998;AGP 2x;8 MB, SDR, 64 bit;66 MHz;100 MHz;2 / 0 / 1 / 1
61;i740 Graphics;Auburn;1998;AGP 2x;System Shared;66 MHz;System Shared;2 / 0 / 1 / 1
62;i752 Graphics;Portola;1998;AGP 2x;System Shared;100 MHz;System Shared;2 / 0 / 1 / 1
63;Marvel G200;Eclipse;1998;AGP 2x;8 MB, SDR, 64 bit;84 MHz;112 MHz;1 / 1 / 1 / 1
64;Millennium G200;Eclipse;1998;PCI;8 MB, SGR, 64 bit;84 MHz;143 MHz;1 / 1 / 1 / 1
65;Millennium G200 SD;Eclipse;1998;PCI;8 MB, SDR, 64 bit;84 MHz;112 MHz;1 / 1 / 1 / 1
66;Mystique G200;Eclipse;1998;AGP 2x;8 MB, SDR, 64 bit;84 MHz;112 MHz;1 / 1 / 1 / 1
67;Productiva G100;Twister;1998;AGP 2x;2 MB, SGR, 64 bit;41 MHz;62 MHz;1 / 1 / 1 / 1
68;Riva 128ZX;NV3;Feb 23rd, 1998;AGP 2x;8 MB, SDR, 128 bit;100 MHz;100 MHz;1 / 0 / 1 / 1
69;Riva TNT;NV4;Mar 23rd, 1998;AGP 2x;16 MB, SDR, 128 bit;90 MHz;110 MHz;2 / 0 / 2 / 2
70;Velocity 100;Avenger;Jul 26th, 1999;AGP 2x;8 MB, SDR, 128 bit;143 MHz;143 MHz;1 / 0 / 2 / 1
71;Velocity 200;Avenger;Never Released;AGP 2x;12 MB, SDR, 128 bit;143 MHz;143 MHz;1 / 0 / 2 / 1
72;Voodoo3 1000 AGP;Avenger;Mar 1999;AGP 2x;16 MB, SDR, 128 bit;143 MHz;143 MHz;1 / 0 / 2 / 1
73;Voodoo3 2000 AGP;Avenger;Apr 3rd, 1999;AGP 2x;16 MB, SDR, 128 bit;143 MHz;143 MHz;1 / 0 / 2 / 1
74;Voodoo3 2000 PCI;Avenger;Apr 3rd, 1999;PCI;16 MB, SDR, 128 bit;143 MHz;143 MHz;1 / 0 / 2 / 1
75;Voodoo3 3000 AGP;Avenger;Apr 3rd, 1999;AGP 2x;16 MB, SDR, 128 bit;166 MHz;166 MHz;1 / 0 / 2 / 1
76;Voodoo3 3000 PCI;Avenger;Apr 3rd, 1999;PCI;16 MB, SDR, 128 bit;166 MHz;166 MHz;1 / 0 / 2 / 1
77;Voodoo3 3500 TV AGP;Avenger;Jun 1999;AGP 2x;16 MB, SDR, 128 bit;183 MHz;183 MHz;1 / 0 / 2 / 1
78;All-In-Wonder 128;Rage 4;Jun 16th, 1999;AGP 4x;32 MB, SDR, 128 bit;90 MHz;90 MHz;2 / 0 / 2 / 2
79;All-In-Wonder 128 PCI;Rage 4;Jun 16th, 1999;PCI;16 MB, SDR, 128 bit;90 MHz;90 MHz;2 / 0 / 2 / 2
80;All-In-Wonder 128 PRO;Rage 4;Jun 16th, 1999;AGP 4x;32 MB, SDR, 128 bit;120 MHz;120 MHz;2 / 0 / 2 / 2
81;All-In-Wonder 128 PRO Ultra;Rage 4;Jun 16th, 1999;AGP 4x;32 MB, SDR, 128 bit;134 MHz;134 MHz;2 / 0 / 2 / 2
82;Fire GL1;IBM;Mar 1st, 1999;AGP 2x;32 MB, SDR, 256 bit;45 MHz;100 MHz;2 / 0 / 1 / 1
83;Rage 128 PRO;Rage 4 PRO;Aug 1st, 1999;AGP 4x;32 MB, SDR, 128 bit;118 MHz;143 MHz;2 / 0 / 2 / 2
84;Rage 128 PRO Ultra;Rage 4 PRO;Aug 1st, 1999;AGP 4x;32 MB, SDR, 64 bit;130 MHz;130 MHz;2 / 0 / 2 / 2
85;Rage 128 Ultra;Rage 4;Aug 1st, 1999;AGP 4x;16 MB, DDR, 64 bit;130 MHz;130 MHz;2 / 0 / 2 / 2
86;Rage Fury;Rage 4;Aug 1st, 1999;AGP 2x;32 MB, SDR, 128 bit;80 MHz;120 MHz;2 / 0 / 2 / 2
87;Rage Fury MAXX;Rage 4;Oct 1st, 1999;AGP 4x;32 MB, SDR, 128 bit;125 MHz;143 MHz;2 / 0 / 2 / 2
88;Rage Mobility 128;M3;Oct 1st, 1999;AGP 2x;16 MB, SDR, 64 bit;105 MHz;105 MHz;2 / 0 / 2 / 2
89;Rage Mobility 128;M4;Oct 1st, 1999;AGP 4x;16 MB, DDR, 64 bit;105 MHz;105 MHz;2 / 0 / 2 / 2
90;Rage Mobility-CL;Rage Mobility;Feb 1st, 1999;AGP 2x;8 MB, SDR, 64 bit;75 MHz;70 MHz;1 / 0 / 1 / 1
91;Rage Mobility-M;Rage Mobility;Feb 1st, 1999;AGP 2x;4 MB, SDR, 64 bit;75 MHz;70 MHz;1 / 0 / 1 / 1
92;Rage Mobility-M1;M1;Feb 1st, 1999;AGP 2x;8 MB, SDR, 64 bit;83 MHz;125 MHz;2 / 0 / 2 / 2
93;Rage Mobility-M3;M3;Oct 1st, 1999;AGP 2x;8 MB, SDR, 64 bit;105 MHz;105 MHz;2 / 0 / 2 / 2
94;Rage Mobility-M4;M4;Oct 1st, 1999;AGP 4x;16 MB, SDR, 64 bit;105 MHz;105 MHz;2 / 0 / 2 / 2
95;Rage Mobility-P;Rage Mobility;Feb 1st, 1999;AGP 2x;8 MB, SDR, 64 bit;75 MHz;70 MHz;1 / 0 / 1 / 1
96;Rage XL PCI;Rage 3;Jan 11th, 1999;PCI;8 MB, SDR, 32 bit;83 MHz;83 MHz;1 / 0 / 1 / 1
97;i752;Portola;Apr 27th, 1999;AGP 2x;16 MB, SDR, 64 bit;100 MHz;133 MHz;2 / 0 / 1 / 1
98;i810 Graphics;Whitney;1999;FSB;System Shared;133 MHz;System Shared;2 / 0 / 1 / 1
99;Marvel G400-TV;Toucan;May 20th, 1999;PCI;16 MB, SDR, 128 bit;125 MHz;166 MHz;2 / 1 / 2 / 2
100;Millennium G200A;Calao;1999;PCI;8 MB, SDR, 64 bit;84 MHz;112 MHz;1 / 1 / 1 / 1
101;Millennium G250;Calao;1999;PCI;8 MB, SDR, 64 bit;96 MHz;128 MHz;1 / 1 / 1 / 1
102;Millennium G400;Toucan;May 20th, 1999;PCI;32 MB, SDR, 128 bit;125 MHz;166 MHz;2 / 1 / 2 / 2
103;Millennium G400 MAX;Toucan;May 20th, 1999;PCI;32 MB, SDR, 128 bit;150 MHz;200 MHz;2 / 1 / 2 / 2
104;GeForce 256 DDR;NV10;Dec 23rd, 1999;AGP 4x;32 MB, DDR, 128 bit;120 MHz;150 MHz;4 / 0 / 4 / 4
105;GeForce 256 SDR;NV10;Oct 11th, 1999;AGP 4x;32 MB, SDR, 64 bit;120 MHz;143 MHz;4 / 0 / 4 / 4
106;Quadro;NV10;1999;AGP 4x;32 MB, SDR, 128 bit;135 MHz;166 MHz;4 / 0 / 4 / 4
107;Riva TNT2 M64;NV5B;Oct 12th, 1999;AGP 4x;16 MB, SDR, 64 bit;125 MHz;143 MHz;2 / 0 / 2 / 2
108;Riva TNT2 M64 Vanta;NV5B;Mar 22nd, 1999;AGP 4x;16 MB, SDR, 64 bit;100 MHz;133 MHz;2 / 0 / 2 / 2
109;Riva TNT2 M64 Vanta-16;NV5B;Mar 22nd, 1999;AGP 4x;16 MB, SDR, 64 bit;100 MHz;133 MHz;2 / 0 / 2 / 2
110;Riva TNT2 PRO;NV5B;Oct 12th, 1999;AGP 4x;32 MB, SDR, 128 bit;143 MHz;167 MHz;2 / 0 / 2 / 2
111;Riva TNT2 Ultra;NV5B;Mar 15th, 1999;AGP 4x;32 MB, SDR, 128 bit;150 MHz;183 MHz;2 / 0 / 2 / 2
112;Voodoo4 4000 AGP;VSA-100;Never Released;AGP 4x;16 MB, SDR, 128 bit;166 MHz;166 MHz;2 / 0 / 2 / 2
113;Voodoo4 4500 AGP;VSA-100;Oct 13th, 2000;AGP 4x;32 MB, SDR, 128 bit;166 MHz;166 MHz;2 / 0 / 2 / 2
114;Voodoo4 4500 PCI;VSA-100;Oct 13th, 2000;PCI;32 MB, SDR, 128 bit;166 MHz;166 MHz;2 / 0 / 2 / 2
115;Voodoo4 4800 AGP;VSA-100;Never Released;AGP 4x;64 MB, SDR, 128 bit;166 MHz;166 MHz;2 / 0 / 2 / 2
116;Voodoo4-2 4000 AGP;VSA-101;Never Released;AGP 4x;16 MB, SDR, 128 bit;166 MHz;166 MHz;2 / 0 / 2 / 2
117;Voodoo4-2 4200 AGP;VSA-101;Never Released;AGP 4x;16 MB, DDR, 128 bit;143 MHz;143 MHz;2 / 0 / 2 / 2
118;Voodoo4-2 4200 PCI 16 MB;VSA-101;Never Released;AGP 4x;16 MB, DDR, 128 bit;166 MHz;166 MHz;2 / 0 / 2 / 2
119;Voodoo4-2 4200 PCI 32 MB;VSA-101;Never Released;AGP 4x;32 MB, DDR, 128 bit;166 MHz;166 MHz;2 / 0 / 2 / 2
120;Voodoo4-2 4800 AGP;VSA-101;Never Released;AGP 4x;32 MB, SDR, 128 bit;166 MHz;166 MHz;2 / 0 / 2 / 2
121;Voodoo5 5000 AGP;VSA-100;Never Released;AGP 4x;16 MB, SDR, 128 bit;166 MHz;166 MHz;2 / 0 / 2 / 2
122;Voodoo5 5000 PCI;VSA-100;Never Released;PCI;16 MB, SDR, 128 bit;166 MHz;166 MHz;2 / 0 / 2 / 2
123;Voodoo5 5500 AGP;VSA-100;Jun 22nd, 2000;AGP 2x;32 MB, SDR, 128 bit;166 MHz;166 MHz;2 / 0 / 2 / 2
124;Voodoo5 5500 PCI;VSA-100;Jun 22nd, 2000;PCI;32 MB, SDR, 128 bit;166 MHz;166 MHz;2 / 0 / 2 / 2
125;Voodoo5 6000;VSA-100;Never Released;AGP 4x;32 MB, SDR, 128 bit;166 MHz;166 MHz;2 / 0 / 2 / 2
126;All-In-Wonder Radeon 7200;R100;Jul 31st, 2000;PCI;32 MB, DDR, 128 bit;166 MHz;166 MHz;2 / 1 / 6 / 2
127;Fire GL2;RC1000;Jun 1st, 2000;AGP 4x;64 MB, DDR, 256 bit;120 MHz;120 MHz;2 / 1 / 4 / 1
128;Fire GL3;RC1000;Jun 1st, 2000;AGP 4x;128 MB, DDR, 256 bit;120 MHz;125 MHz;2 / 1 / 4 / 1
129;GameCube GPU;Flipper;Aug 24th, 2000;IGP;16 MB, SDR, 64 bit;162 MHz;162 MHz;4 / 1 / 4 / 4
130;Radeon 7200;R100;Jun 1st, 2000;AGP 4x;32 MB, SDR, 128 bit;143 MHz;143 MHz;2 / 1 / 6 / 2
131;Radeon 7200;R100;Apr 1st, 2000;AGP 4x;32 MB, DDR, 128 bit;166 MHz;166 MHz;2 / 1 / 6 / 2
132;Radeon 7200 64 MB;R100;Apr 1st, 2000;AGP 4x;64 MB, DDR, 128 bit;166 MHz;166 MHz;2 / 1 / 6 / 2
133;Radeon DDR;Rage 6;Apr 1st, 2000;AGP 4x;32 MB, DDR, 128 bit;166 MHz;166 MHz;2 / 1 / 6 / 2
134;Radeon DDR MAXX;Rage 6;Jun 1st, 2000;AGP 2x;32 MB, DDR, 128 bit;148 MHz;148 MHz;2 / 1 / 6 / 2
135;Radeon SDR;Rage 6;Jun 1st, 2000;AGP 4x;32 MB, SDR, 128 bit;166 MHz;166 MHz;2 / 1 / 6 / 2
136;Radeon SDR PCI;Rage 6;Jun 1st, 2000;PCI;32 MB, SDR, 128 bit;166 MHz;166 MHz;2 / 1 / 6 / 2
137;i815 Graphics;Solano;2000;FSB;System Shared;133 MHz;System Shared;2 / 0 / 1 / 1
138;Millennium G450;Condor;Apr 2000;PCI;32 MB, DDR, 64 bit;125 MHz;166 MHz;2 / 1 / 2 / 2
139;Millennium G450 LP;Condor;Apr 2000;AGP 4x;32 MB, DDR, 64 bit;125 MHz;166 MHz;2 / 1 / 2 / 2
140;GeForce2 GTS;NV15;Apr 26th, 2000;AGP 4x;32 MB, DDR, 128 bit;200 MHz;166 MHz;4 / 0 / 8 / 4
141;GeForce2 GTS PRO;NV15;Apr 26th, 2000;AGP 4x;32 MB, DDR, 128 bit;200 MHz;200 MHz;4 / 0 / 8 / 4
142;GeForce2 Go;NV11B;Nov 11th, 2000;AGP 4x;64 MB, DDR, 64 bit;143 MHz;166 MHz;2 / 0 / 4 / 2
143;GeForce2 Go;NV11B;Nov 11th, 2000;AGP 4x;64 MB, DDR, 128 bit;143 MHz;166 MHz;2 / 0 / 4 / 2
144;GeForce2 MX;NV11;Jun 28th, 2000;AGP 4x;32 MB, SDR, 128 bit;175 MHz;166 MHz;2 / 0 / 4 / 2
145;GeForce2 MX DH Pro TV;NV11;Jun 28th, 2000;AGP 4x;32 MB, SDR, 128 bit;175 MHz;166 MHz;2 / 0 / 4 / 2
146;GeForce2 MX DH Pro TV PCI;NV11;Jun 28th, 2000;PCI;32 MB, SDR, 128 bit;175 MHz;166 MHz;2 / 0 / 4 / 2
147;GeForce2 MX PCI;NV11;Jun 28th, 2000;PCI;32 MB, SDR, 64 bit;175 MHz;166 MHz;2 / 0 / 4 / 2
148;GeForce2 PRO;NV15;Dec 5th, 2000;AGP 4x;64 MB, DDR, 128 bit;200 MHz;200 MHz;4 / 0 / 8 / 4
149;GeForce2 Ultra;NV15;Aug 14th, 2000;AGP 4x;64 MB, DDR, 128 bit;250 MHz;230 MHz;4 / 0 / 8 / 4
150;Quadro2 MXR;NV11B;Jul 25th, 2000;AGP 4x;32 MB, SDR, 128 bit;200 MHz;183 MHz;2 / 0 / 4 / 4
151;Quadro2 MXR Low Profile;NV11B;Jul 25th, 2000;AGP 4x;32 MB, SDR, 128 bit;200 MHz;183 MHz;2 / 0 / 4 / 4
152;Vanta LT;NV5B;Mar 1st, 2000;AGP 2x;8 MB, SDR, 64 bit;105 MHz;100 MHz;2 / 0 / 2 / 2
153;Playstation 2 GPU 250nm;GS-250nm;Mar 4th, 2000;IGP;4 MB, eDRAM, 2560 bit;147 MHz;150 MHz;16 / 2 / 8 / 16
154;Spectre 1000;Rampage;Never Released;AGP 4x;64 MB, DDR, 128 bit;200 MHz;200 MHz;4 / 0 / 4 / 4
155;Spectre 2000;Rampage;Never Released;AGP 4x;64 MB, DDR, 128 bit;200 MHz;200 MHz;4 / 1 / 4 / 4
156;Spectre 3000;Rampage;Never Released;AGP 4x;64 MB, DDR, 128 bit;200 MHz;200 MHz;4 / 1 / 4 / 4
157;All-In-Wonder Radeon 8500;R200;Nov 14th, 2001;AGP 8x;128 MB, DDR, 128 bit;275 MHz;275 MHz;4 / 2 / 8 / 4
158;All-In-Wonder Radeon 8500DV;R200;Aug 30th, 2001;AGP 8x;64 MB, DDR, 128 bit;230 MHz;190 MHz;4 / 2 / 8 / 4
159;Fire GL4;RC1000;Mar 14th, 2001;AGP Pro 8x;128 MB, DDR, 256 bit;150 MHz;150 MHz;2 / 1 / 4 / 1
160;FireGL 8700;R200;Aug 14th, 2001;AGP 4x;64 MB, DDR, 128 bit;250 MHz;270 MHz;4 / 2 / 8 / 4
161;FireGL 8800;R200;Aug 14th, 2001;AGP 4x;128 MB, DDR, 128 bit;300 MHz;290 MHz;4 / 2 / 8 / 4
162;Mobility FireGL 7800;M7;Sep 29th, 2001;AGP 4x;64 MB, DDR, 128 bit;280 MHz;200 MHz;2 / 0 / 2 / 2
163;Mobility Radeon 7500;M7;Dec 1st, 2001;AGP 4x;32 MB, DDR, 64 bit;280 MHz;200 MHz;2 / 0 / 2 / 1
164;Mobility Radeon 7500;M7;Dec 1st, 2001;AGP 4x;32 MB, DDR, 64 bit;230 MHz;183 MHz;2 / 1 / 2 / 1
165;Mobility Radeon 7500C;M7;Dec 1st, 2001;AGP 4x;16 MB, DDR, 64 bit;230 MHz;183 MHz;2 / 1 / 2 / 1
166;Radeon 7000;RV100;Feb 19th, 2001;AGP 4x;32 MB, DDR, 64 bit;183 MHz;183 MHz;1 / 0 / 3 / 1
167;Radeon 7000 PCI;RV100;Feb 19th, 2001;PCI;32 MB, DDR, 64 bit;133 MHz;133 MHz;1 / 0 / 3 / 1
168;Radeon 7500;RV200;Aug 14th, 2001;AGP 4x;64 MB, DDR, 128 bit;290 MHz;230 MHz;2 / 1 / 6 / 2
169;Radeon 7500 LE;RV200;Aug 14th, 2001;AGP 4x;64 MB, DDR, 128 bit;250 MHz;175 MHz;2 / 1 / 6 / 2
170;Radeon 8500;R200;Aug 14th, 2001;AGP 4x;64 MB, DDR, 128 bit;275 MHz;275 MHz;4 / 2 / 8 / 4
171;Radeon DDR VIVO;Rage 6;Aug 14th, 2001;AGP 4x;64 MB, DDR, 128 bit;183 MHz;183 MHz;2 / 1 / 6 / 2
172;Radeon DDR VIVO OEM;Rage 6;Aug 14th, 2001;AGP 4x;64 MB, DDR, 128 bit;166 MHz;166 MHz;2 / 1 / 6 / 2
173;Radeon DDR VIVO SE;Rage 6;Aug 14th, 2001;AGP 4x;64 MB, DDR, 128 bit;187 MHz;180 MHz;2 / 1 / 6 / 2
174;Radeon LE;Rage 6;May 1st, 2001;AGP 4x;32 MB, DDR, 128 bit;148 MHz;148 MHz;2 / 1 / 6 / 2
175;Radeon VE;Rage 6;Feb 19th, 2001;AGP 4x;32 MB, DDR, 64 bit;183 MHz;183 MHz;1 / 0 / 3 / 1
176;Radeon VE PCI;Rage 6;Feb 19th, 2001;PCI;32 MB, DDR, 64 bit;183 MHz;183 MHz;1 / 0 / 3 / 1
177;i830M Graphics;Almador;2001;FSB;System Shared;166 MHz;System Shared;2 / 0 / 1 / 1
178;Millennium G550;Condor;Nov 26th, 2001;AGP 4x;32 MB, DDR, 64 bit;125 MHz;166 MHz;2 / 1 / 2 / 2
179;Millennium G550 PCIe;Condor;Nov 26th, 2001;PCIe 1.0 x1;32 MB, DDR, 64 bit;125 MHz;166 MHz;2 / 1 / 2 / 2
180;GeForce2 Go 100;NV11B;Feb 6th, 2001;AGP 4x;16 MB, DDR, 32 bit;125 MHz;166 MHz;2 / 0 / 4 / 2
181;GeForce2 Go 200;NV11B;Feb 6th, 2001;AGP 4x;32 MB, DDR, 64 bit;143 MHz;166 MHz;2 / 0 / 4 / 2
182;GeForce2 MX + nForce 220;Crush11;Jun 4th, 2001;AGP 4x;System Shared;175 MHz;System Shared;2 / 0 / 4 / 2
183;GeForce2 MX + nForce 420;Crush11;Jun 4th, 2001;AGP 4x;System Shared;175 MHz;System Shared;2 / 0 / 4 / 2
184;GeForce2 MX 200;NV11B;Mar 3rd, 2001;AGP 4x;32 MB, SDR, 64 bit;175 MHz;166 MHz;2 / 0 / 4 / 2
185;GeForce2 MX 200 LP;NV11B;Mar 3rd, 2001;AGP 4x;32 MB, SDR, 64 bit;175 MHz;166 MHz;2 / 0 / 4 / 2
186;GeForce2 MX 200 PCI;NV11B;Mar 3rd, 2001;PCI;64 MB, SDR, 64 bit;175 MHz;166 MHz;2 / 0 / 4 / 2
187;GeForce2 MX 400;NV11B;Mar 3rd, 2001;AGP 4x;32 MB, SDR, 128 bit;200 MHz;166 MHz;2 / 0 / 4 / 2
188;GeForce2 MX 400 PCI;NV11B;Mar 3rd, 2001;PCI;32 MB, DDR, 64 bit;200 MHz;166 MHz;2 / 0 / 4 / 2
189;GeForce2 Ti;NV15;Oct 1st, 2001;AGP 4x;64 MB, DDR, 128 bit;250 MHz;200 MHz;4 / 0 / 8 / 4
190;GeForce3;NV20;Feb 27th, 2001;AGP 4x;64 MB, DDR, 128 bit;200 MHz;230 MHz;4 / 1 / 8 / 4
191;GeForce3 Ti200;NV20;Oct 1st, 2001;AGP 4x;64 MB, DDR, 128 bit;175 MHz;200 MHz;4 / 1 / 8 / 4
192;GeForce3 Ti500;NV20;Oct 1st, 2001;AGP 4x;64 MB, DDR, 128 bit;240 MHz;250 MHz;4 / 1 / 8 / 4
193;Quadro DCC;NV20;May 14th, 2001;AGP 4x;64 MB, SDR, 128 bit;200 MHz;230 MHz;4 / 1 / 4 / 4
194;Quadro2 Go;NV11B;Aug 14th, 2001;AGP 4x;32 MB, DDR, 64 bit;143 MHz;181 MHz;2 / 0 / 2 / 2
195;Quadro2 Pro;NV15;Mar 22nd, 2001;AGP 4x;64 MB, DDR, 128 bit;200 MHz;250 MHz;4 / 0 / 8 / 4
196;Xbox GPU;NV2A;Nov 15th, 2001;AGP 4x;64 MB, DDR, 128 bit;233 MHz;200 MHz;4 / 2 / 8 / 4
197;Playstation 2 GPU 180nm;GS-180nm;Apr 18th, 2001;IGP;4 MB, eDRAM, 2560 bit;147 MHz;150 MHz;16 / 2 / 8 / 16
198;All-In-Wonder 9500;R300;Jul 1st, 2002;AGP 8x;128 MB, DDR, 128 bit;277 MHz;270 MHz;4 / 4 / 4 / 4
199;All-In-Wonder Radeon 7500;RV200;Apr 16th, 2002;AGP 8x;64 MB, DDR, 128 bit;260 MHz;180 MHz;2 / 0 / 6 / 2
200;All-In-Wonder Radeon 7500 VE;RV200;Apr 16th, 2002;PCI;64 MB, DDR, 128 bit;260 MHz;250 MHz;2 / 0 / 6 / 2
201;FireGL 9500 Z1-128;R300;Oct 1st, 2002;AGP 8x;128 MB, DDR, 256 bit;325 MHz;310 MHz;4 / 4 / 4 / 4
202;FireGL 9700 X1-128;R300;Jul 23rd, 2002;AGP 8x;128 MB, DDR, 256 bit;325 MHz;310 MHz;8 / 4 / 8 / 8
203;FireGL 9700 X1-256;R300;Jul 23rd, 2002;AGP 8x;256 MB, DDR, 256 bit;325 MHz;310 MHz;8 / 4 / 8 / 8
204;FireGL 9700 X1-256p;R300;Jul 23rd, 2002;AGP Pro 8x;256 MB, DDR, 256 bit;324 MHz;276 MHz;8 / 4 / 8 / 8
205;Mobility FireGL 9000;M9;2002;AGP 4x;64 MB, DDR, 128 bit;250 MHz;200 MHz;4 / 1 / 4 / 4
206;Mobility Radeon 9000;M9;Sep 1st, 2002;AGP 4x;64 MB, DDR, 64 bit;240 MHz;200 MHz;4 / 1 / 4 / 4
207;Mobility Radeon 9000;M9;Sep 1st, 2002;AGP 4x;32 MB, DDR, 64 bit;240 MHz;200 MHz;4 / 1 / 4 / 4
208;Mobility Radeon 9000;M9;Sep 1st, 2002;AGP 4x;64 MB, DDR, 64 bit;240 MHz;200 MHz;4 / 1 / 4 / 4
209;Mobility Radeon-P;M6;2002;AGP 4x;32 MB, DDR, 64 bit;166 MHz;166 MHz;1 / 0 / 3 / 1
210;Radeon 7500 Mac Edition;RV200;Apr 16th, 2002;AGP 4x;32 MB, DDR, 128 bit;260 MHz;180 MHz;2 / 1 / 6 / 2
211;Radeon 8500 LE;R200;Feb 4th, 2002;AGP 4x;64 MB, DDR, 128 bit;250 MHz;250 MHz;4 / 2 / 8 / 4
212;Radeon 8500 X4;R200;Never Released;PCI-X;64 MB, DDR, 64 bit;250 MHz;250 MHz;4 / 2 / 8 / 4
213;Radeon 8500 XT;R250;Never Released;AGP 4x;128 MB, DDR, 128 bit;300 MHz;300 MHz;4 / 2 / 8 / 4
214;Radeon 9000;RV250;Jul 1st, 2002;AGP 4x;64 MB, DDR, 128 bit;250 MHz;200 MHz;4 / 1 / 4 / 4
215;Radeon 9000 LE;RV250;Jul 1st, 2002;AGP 4x;64 MB, DDR, 128 bit;250 MHz;200 MHz;4 / 1 / 4 / 4
216;Radeon 9000 PRO;RV250;Jul 18th, 2002;AGP 4x;128 MB, DDR, 128 bit;275 MHz;275 MHz;4 / 1 / 4 / 4
217;Radeon 9500 PRO;R300;Oct 1st, 2002;AGP 8x;128 MB, DDR, 128 bit;275 MHz;270 MHz;8 / 4 / 8 / 8
218;Radeon 9700;R300;Aug 19th, 2002;AGP 8x;128 MB, DDR, 256 bit;275 MHz;270 MHz;8 / 4 / 8 / 8
219;Radeon 9700 PRO;R300;Aug 19th, 2002;AGP 8x;128 MB, DDR, 256 bit;325 MHz;310 MHz;8 / 4 / 8 / 8
220;Radeon 9700 PRO X4;R300;Aug 19th, 2002;PCI;128 MB, DDR, 256 bit;325 MHz;310 MHz;8 / 4 / 8 / 8
221;Radeon IGP 320;RS100;Oct 5th, 2002;AGP 4x;System Shared;160 MHz;System Shared;1 / 0 / 1 / 1
222;Radeon IGP 320M;RS100;Oct 5th, 2002;AGP 4x;System Shared;160 MHz;System Shared;1 / 0 / 1 / 1
223;Radeon IGP 330M;RS200;May 1st, 2002;AGP 4x;System Shared;183 MHz;System Shared;0 / 1 / 2 / 2
224;Radeon IGP 340;RS200;Oct 5th, 2002;AGP 4x;System Shared;183 MHz;System Shared;0 / 1 / 2 / 2
225;Radeon IGP 340M;RS200;Oct 5th, 2002;AGP 4x;System Shared;183 MHz;System Shared;0 / 1 / 2 / 2
226;Radeon IGP 345M;RS200;Oct 5th, 2002;AGP 4x;System Shared;183 MHz;System Shared;2 / 1 / 2 / 2
227;Radeon IGP 350M;RS200;Oct 5th, 2002;AGP 4x;System Shared;183 MHz;System Shared;0 / 1 / 2 / 2
228;Extreme Graphics;Brookdale;2002;FSB;System Shared;200 MHz;System Shared;2 / 0 / 1 / 1
229;i830MG Graphics;Almador;2002;FSB;System Shared;100 MHz;System Shared;2 / 0 / 1 / 1
230;Millennium G450 x2 MMS;Condor;Jun 19th, 2002;PCI;32 MB, DDR, 64 bit;125 MHz;166 MHz;2 / 1 / 2 / 2
231;Millennium G450 x4 MMS;Condor;Jun 19th, 2002;PCI;32 MB, DDR, 64 bit;125 MHz;166 MHz;2 / 1 / 2 / 2
232;Parhelia 128 MB;Parhelia-512;Jun 25th, 2002;AGP 4x;128 MB, DDR, 256 bit;200 MHz;250 MHz;4 / 4 / 16 / 4
233;Parhelia 128 MB;Parhelia-512;Jun 25th, 2002;AGP 4x;128 MB, DDR, 256 bit;220 MHz;275 MHz;4 / 4 / 16 / 4
234;Parhelia 256 MB;Parhelia-512;Jun 25th, 2002;AGP 4x;256 MB, DDR, 256 bit;200 MHz;250 MHz;4 / 4 / 16 / 4
235;GeForce4 410 Go;NV17;Feb 6th, 2002;AGP 4x;16 MB, DDR, 64 bit;200 MHz;200 MHz;2 / 0 / 4 / 2
236;GeForce4 420 Go;NV17;Feb 6th, 2002;AGP 4x;32 MB, DDR, 64 bit;200 MHz;200 MHz;2 / 0 / 4 / 2
237;GeForce4 440 Go;NV17;Feb 6th, 2002;AGP 4x;64 MB, DDR, 128 bit;220 MHz;220 MHz;2 / 0 / 4 / 2
238;GeForce4 448 Go;NV18;Mar 1st, 2002;AGP 8x;64 MB, DDR, 128 bit;200 MHz;200 MHz;2 / 0 / 4 / 2
239;GeForce4 460 Go;NV17;Oct 14th, 2002;AGP 4x;64 MB, DDR, 128 bit;250 MHz;250 MHz;2 / 0 / 4 / 2
240;GeForce4 488 Go;NV18;Mar 1st, 2002;AGP 8x;64 MB, DDR, 128 bit;300 MHz;275 MHz;2 / 0 / 4 / 2
241;GeForce4 Go 4200;NV28;Nov 14th, 2002;AGP 8x;64 MB, DDR, 64 bit;200 MHz;200 MHz;4 / 2 / 8 / 4
242;GeForce4 MX + nForce2;Crush17;Oct 1st, 2002;AGP 4x;System Shared;200 MHz;System Shared;2 / 0 / 4 / 2
243;GeForce4 MX 420;NV17;Feb 6th, 2002;AGP 4x;64 MB, SDR, 128 bit;250 MHz;166 MHz;2 / 0 / 4 / 2
244;GeForce4 MX 420 PCI;NV17;Feb 6th, 2002;PCI;64 MB, SDR, 64 bit;250 MHz;166 MHz;2 / 0 / 4 / 2
245;GeForce4 MX 440;NV17;Feb 6th, 2002;AGP 4x;64 MB, DDR, 128 bit;275 MHz;200 MHz;2 / 0 / 4 / 2
246;GeForce4 MX 440 Mac Edition;NV17;Feb 6th, 2002;AGP 4x;64 MB, DDR, 128 bit;275 MHz;200 MHz;2 / 0 / 4 / 2
247;GeForce4 MX 440-8x;NV18;Sep 25th, 2002;AGP 8x;64 MB, DDR, 128 bit;275 MHz;250 MHz;2 / 0 / 4 / 2
248;GeForce4 MX 440-8x;NV18;Sep 25th, 2002;AGP 8x;32 MB, DDR, 32 bit;275 MHz;250 MHz;2 / 0 / 4 / 2
249;GeForce4 MX 440-SE;NV17;Feb 6th, 2002;AGP 4x;64 MB, DDR, 128 bit;250 MHz;166 MHz;2 / 0 / 4 / 2
250;GeForce4 MX 440-SE;NV18;Feb 6th, 2002;AGP 8x;64 MB, DDR, 64 bit;250 MHz;200 MHz;2 / 0 / 4 / 2
251;GeForce4 MX 440-SE;NV17;Feb 6th, 2002;AGP 4x;64 MB, DDR, 128 bit;250 MHz;166 MHz;2 / 0 / 4 / 2
252;GeForce4 MX 460;NV17;Feb 6th, 2002;AGP 4x;64 MB, DDR, 128 bit;300 MHz;225 MHz;2 / 0 / 4 / 2
253;GeForce4 Ti 4200;NV25;Feb 6th, 2002;AGP 4x;64 MB, DDR, 128 bit;250 MHz;250 MHz;4 / 2 / 8 / 4
254;GeForce4 Ti 4200;NV25;Feb 6th, 2002;AGP 4x;64 MB, DDR, 64 bit;250 MHz;250 MHz;4 / 2 / 8 / 4
255;GeForce4 Ti 4200-8X;NV28;Feb 6th, 2002;AGP 8x;64 MB, SDR, 128 bit;250 MHz;250 MHz;4 / 2 / 8 / 4
256;GeForce4 Ti 4200-8X;NV28;Feb 6th, 2002;AGP 8x;64 MB, SDR, 128 bit;250 MHz;250 MHz;4 / 2 / 8 / 4
257;GeForce4 Ti 4400;NV25;Feb 6th, 2002;AGP 4x;128 MB, DDR, 128 bit;275 MHz;275 MHz;4 / 2 / 8 / 4
258;GeForce4 Ti 4600;NV25;Feb 6th, 2002;AGP 4x;128 MB, DDR, 128 bit;300 MHz;324 MHz;4 / 2 / 8 / 4
259;Quadro4 380 XGL;NV18;Nov 12th, 2002;AGP 8x;128 MB, DDR, 128 bit;275 MHz;256 MHz;2 / 0 / 4 / 4
260;Quadro4 500 Go GL;NV17;Apr 23rd, 2002;AGP 4x;64 MB, SDR, 128 bit;220 MHz;220 MHz;2 / 0 / 4 / 2
261;Quadro4 500 XGL;NV17;Feb 19th, 2002;AGP 4x;128 MB, SDR, 128 bit;250 MHz;166 MHz;2 / 0 / 4 / 4
262;Quadro4 550 XGL;NV17;Feb 19th, 2002;AGP 4x;64 MB, DDR, 128 bit;270 MHz;200 MHz;2 / 0 / 4 / 4
263;Quadro4 580 XGL;NV18;Nov 12th, 2002;AGP 8x;64 MB, DDR, 128 bit;300 MHz;200 MHz;2 / 0 / 4 / 4
264;Quadro4 700 XGL;NV25;Feb 19th, 2002;AGP 4x;64 MB, DDR, 128 bit;275 MHz;225 MHz;4 / 2 / 8 / 8
265;Quadro4 750 XGL;NV25;Feb 19th, 2002;AGP 4x;128 MB, DDR, 128 bit;275 MHz;225 MHz;4 / 2 / 8 / 8
266;Quadro4 900 XGL;NV25;Feb 19th, 2002;AGP 4x;128 MB, DDR, 128 bit;300 MHz;325 MHz;4 / 2 / 8 / 8
267;Quadro4 980 XGL;NV28;Nov 12th, 2002;AGP 8x;128 MB, DDR, 128 bit;300 MHz;325 MHz;4 / 2 / 8 / 4
268;All-In-Wonder 2006 AGP Edition;RV350;Apr 29th, 2005;AGP 8x;256 MB, DDR, 128 bit;324 MHz;196 MHz;4 / 2 / 4 / 4
269;All-In-Wonder 2006 PCIe Edition;RV515;Dec 22nd, 2005;PCIe 1.0 x16;256 MB, DDR2, 128 bit;450 MHz;400 MHz;4 / 2 / 4 / 4
270;All-In-Wonder X1800 XL;R520;Oct 27th, 2005;PCIe 1.0 x16;256 MB, GDDR3, 256 bit;500 MHz;500 MHz;16 / 8 / 16 / 16
271;All-In-Wonder X600 PRO;RV370;Jul 1st, 2005;PCIe 1.0 x16;256 MB, DDR, 128 bit;400 MHz;300 MHz;4 / 2 / 4 / 4
272;All-In-Wonder X800 SE;R420;Apr 27th, 2005;AGP 8x;256 MB, GDDR3, 256 bit;425 MHz;400 MHz;8 / 6 / 8 / 8
273;All-In-Wonder X800 VE;R420;Apr 27th, 2005;AGP 8x;256 MB, GDDR3, 256 bit;425 MHz;400 MHz;8 / 6 / 8 / 8
274;All-In-Wonder X800 XL;R430;Jan 21st, 2005;PCIe 1.0 x16;256 MB, GDDR3, 256 bit;400 MHz;490 MHz;16 / 6 / 16 / 16
275;FireGL V3300;RV515;Oct 1st, 2005;PCIe 1.0 x16;128 MB, DDR2, 64 bit;600 MHz;400 MHz;4 / 2 / 4 / 4
276;FireGL V3350;RV515;Oct 1st, 2005;PCIe 1.0 x16;256 MB, DDR2, 64 bit;600 MHz;400 MHz;4 / 2 / 4 / 4
277;FireGL V3400;RV530;Oct 1st, 2005;PCIe 1.0 x16;128 MB, GDDR3, 128 bit;500 MHz;500 MHz;12 / 5 / 4 / 4
278;FireGL V5200;RV530;Oct 1st, 2005;PCIe 1.0 x16;128 MB, GDDR3, 128 bit;600 MHz;700 MHz;12 / 5 / 4 / 4
279;FireGL V7200;R520;Oct 1st, 2005;PCIe 1.0 x16;256 MB, GDDR3, 256 bit;600 MHz;650 MHz;16 / 8 / 16 / 16
280;FireGL V7300;R520;Oct 1st, 2005;PCIe 1.0 x16;512 MB, GDDR3, 256 bit;594 MHz;648 MHz;16 / 8 / 16 / 16
281;FireGL V7350;R520;Oct 1st, 2005;PCIe 1.0 x16;1024 MB, GDDR3, 256 bit;600 MHz;650 MHz;16 / 8 / 16 / 16
282;Mobility FireGL V5000;M26;Feb 3rd, 2005;PCIe 1.0 x16;128 MB, GDDR3, 128 bit;350 MHz;425 MHz;8 / 6 / 8 / 8
283;Mobility Radeon X200 IGP;RS400;2005;PCIe 1.0 x16;System Shared;300 MHz;System Shared;2 / 2 / 2 / 2
284;Mobility Radeon X200 IGP;RS480;2005;PCIe 1.0 x16;System Shared;300 MHz;System Shared;2 / 2 / 2 / 2
285;Mobility Radeon X300;M22;Nov 1st, 2005;PCIe 1.0 x16;128 MB, DDR, 64 bit;350 MHz;250 MHz;4 / 2 / 4 / 4
286;Mobility Radeon X300 IGP;RS480;2005;PCIe 1.0 x16;System Shared;300 MHz;System Shared;2 / 2 / 2 / 2
287;Mobility Radeon X700;M26;Mar 1st, 2005;PCIe 1.0 x16;128 MB, DDR, 128 bit;350 MHz;300 MHz;8 / 6 / 8 / 4
288;Mobility Radeon X700 XL;M26;Mar 1st, 2005;PCIe 1.0 x16;128 MB, DDR, 128 bit;350 MHz;330 MHz;8 / 6 / 8 / 4
289;Mobility Radeon X800 XT;M28;Jun 1st, 2005;PCIe 1.0 x16;256 MB, GDDR3, 256 bit;480 MHz;550 MHz;16 / 6 / 16 / 16
290;Radeon 9550 XT;RV350;May 4th, 2005;AGP 8x;128 MB, DDR, 128 bit;425 MHz;325 MHz;4 / 2 / 4 / 4
291;Radeon X1300;RV516;Oct 5th, 2005;PCIe 1.0 x16;128 MB, DDR, 128 bit;450 MHz;250 MHz;4 / 2 / 4 / 4
292;Radeon X1300;RV515;Dec 1st, 2005;PCIe 1.0 x16;256 MB, DDR, 128 bit;450 MHz;250 MHz;4 / 2 / 4 / 4
293;Radeon X1300 AGP;RV515;Dec 1st, 2005;AGP 8x;256 MB, DDR, 128 bit;450 MHz;250 MHz;4 / 2 / 4 / 4
294;Radeon X1300 LE;RV515;Oct 5th, 2005;PCIe 1.0 x16;64 MB, DDR, 64 bit;450 MHz;250 MHz;4 / 2 / 4 / 4
295;Radeon X1300 PCI;RV516;Oct 5th, 2005;PCI;128 MB, DDR2, 64 bit;450 MHz;250 MHz;4 / 2 / 4 / 4
296;Radeon X1300 PCI;RV515;Oct 5th, 2005;PCI;128 MB, DDR, 128 bit;450 MHz;250 MHz;4 / 2 / 4 / 4
297;Radeon X1300 PRO;RV515;Oct 1st, 2005;PCIe 1.0 x16;128 MB, DDR, 128 bit;600 MHz;400 MHz;4 / 2 / 4 / 4
298;Radeon X1300 PRO AGP;RV515;Oct 1st, 2005;AGP 8x;256 MB, DDR, 128 bit;600 MHz;400 MHz;4 / 2 / 4 / 4
299;Radeon X1600 PRO;RV530;Oct 1st, 2005;PCIe 1.0 x16;256 MB, GDDR3, 128 bit;500 MHz;390 MHz;12 / 5 / 4 / 4
300;Radeon X1600 XT;RV530;Oct 1st, 2005;PCIe 1.0 x16;256 MB, GDDR3, 128 bit;590 MHz;690 MHz;12 / 5 / 4 / 4
301;Radeon X1800 CrossFire Edition;R520;Dec 20th, 2005;PCIe 1.0 x16;512 MB, GDDR3, 256 bit;600 MHz;700 MHz;16 / 8 / 16 / 16
302;Radeon X1800 XL;R520;Oct 1st, 2005;PCIe 1.0 x16;256 MB, GDDR3, 256 bit;500 MHz;500 MHz;16 / 8 / 16 / 16
303;Radeon X1800 XT;R520;Oct 1st, 2005;PCIe 1.0 x16;512 MB, GDDR3, 256 bit;600 MHz;700 MHz;16 / 8 / 16 / 16
304;Radeon X550;RV370;Jul 1st, 2005;PCIe 1.0 x16;128 MB, DDR, 128 bit;400 MHz;250 MHz;4 / 2 / 4 / 4
305;Radeon X550 HyperMemory;RV370;Jul 1st, 2005;PCIe 1.0 x16;256 MB, DDR2, 128 bit;400 MHz;250 MHz;4 / 2 / 4 / 4
306;Radeon X700 SE;RV410;Apr 1st, 2005;PCIe 1.0 x16;128 MB, DDR, 64 bit;400 MHz;250 MHz;4 / 6 / 4 / 4
307;Radeon X740 XL;RV410;Mar 7th, 2005;PCIe 1.0 x16;128 MB, GDDR3, 128 bit;425 MHz;450 MHz;8 / 6 / 8 / 8
308;Radeon X800 CrossFire Edition;R430;Oct 28th, 2005;PCIe 1.0 x16;256 MB, GDDR3, 256 bit;500 MHz;500 MHz;16 / 6 / 16 / 16
309;Radeon X800 GT;R430;Nov 1st, 2005;PCIe 1.0 x16;128 MB, DDR, 256 bit;475 MHz;493 MHz;8 / 6 / 8 / 8
310;Radeon X800 GT;R480;Nov 1st, 2005;PCIe 1.0 x16;128 MB, DDR, 256 bit;475 MHz;350 MHz;12 / 6 / 12 / 12
311;Radeon X800 GT AGP;R481;Nov 1st, 2005;AGP 8x;256 MB, GDDR3, 256 bit;475 MHz;493 MHz;12 / 6 / 12 / 12
312;Radeon X800 GTO;R480;Nov 1st, 2005;PCIe 1.0 x16;256 MB, GDDR3, 256 bit;400 MHz;400 MHz;12 / 6 / 12 / 12
313;Radeon X800 GTO AGP;R481;Oct 1st, 2005;AGP 8x;256 MB, GDDR3, 256 bit;400 MHz;490 MHz;12 / 6 / 12 / 12
314;Radeon X800 GTO AGP;R430;Oct 1st, 2005;AGP 8x;256 MB, GDDR3, 256 bit;400 MHz;490 MHz;12 / 6 / 12 / 12
315;Radeon X800 GTO2;R480;Sep 15th, 2005;PCIe 1.0 x16;256 MB, GDDR3, 256 bit;400 MHz;490 MHz;16 / 6 / 16 / 16
316;Radeon X850 PRO AGP;R481;Sep 4th, 2005;AGP 8x;256 MB, GDDR3, 256 bit;500 MHz;500 MHz;12 / 6 / 12 / 12
317;Radeon X850 XT AGP;R481;Feb 28th, 2005;AGP 8x;256 MB, GDDR3, 256 bit;520 MHz;540 MHz;16 / 6 / 16 / 16
318;Radeon X850 XT Platinum AGP;R481;Feb 28th, 2005;AGP 8x;256 MB, GDDR3, 256 bit;540 MHz;590 MHz;16 / 6 / 16 / 16
319;Radeon Xpress 1100 Mobile IGP;RC410;2005;PCIe 1.0 x16;System Shared;336 MHz;System Shared;2 / 2 / 2 / 2
320;Radeon Xpress 1100 Mobile IGP;RS482;2005;PCIe 1.0 x16;System Shared;300 MHz;System Shared;2 / 2 / 2 / 2
321;Radeon Xpress 200M IGP;RC410;2005;PCIe 1.0 x16;System Shared;336 MHz;System Shared;2 / 2 / 2 / 2
322;Xbox 360 GPU 90nm;Xenos Xenon;Nov 22nd, 2005;IGP;512 MB, GDDR3, 128 bit;500 MHz;700 MHz;240 / 16 / 8
323;GMA 900;Alviso;2005;FSB;System Shared;333 MHz;System Shared;4 / 0 / 4 / 4
324;GMA 950;Lakeport;May 1st, 2005;FSB;System Shared;166 MHz;System Shared;4 / 1 / 4 / 1
325;GMA 950;Lakeport;Jun 1st, 2005;FSB;System Shared;250 MHz;System Shared;4 / 1 / 4 / 1
326;GeForce 6200 AGP;NV44;Apr 4th, 2005;AGP 8x;128 MB, DDR, 64 bit;350 MHz;250 MHz;4 / 2 / 4 / 4
327;GeForce 6200 AGP;NV44;Apr 4th, 2005;AGP 8x;256 MB, DDR2, 64 bit;350 MHz;266 MHz;4 / 3 / 4 / 2
328;GeForce 6200 LE;NV44;Apr 4th, 2005;PCIe 1.0 x16;64 MB, DDR2, 32 bit;350 MHz;266 MHz;2 / 1 / 2 / 2
329;GeForce 6200 LE;NV44;Apr 4th, 2005;PCIe 1.0 x16;128 MB, DDR, 64 bit;350 MHz;266 MHz;2 / 1 / 2 / 2
330;GeForce 6200 LE AGP;NV44;Apr 4th, 2005;AGP 8x;128 MB, DDR, 64 bit;350 MHz;266 MHz;2 / 1 / 2 / 2
331;GeForce 6500;NV44;Oct 1st, 2005;PCIe 1.0 x16;128 MB, DDR2, 128 bit;400 MHz;266 MHz;4 / 3 / 4 / 2
332;GeForce 6600 LE;NV43;2005;PCIe 1.0 x16;128 MB, DDR, 128 bit;300 MHz;250 MHz;4 / 3 / 4 / 4
333;GeForce 6600 LE AGP;NV43;2005;AGP 8x;128 MB, DDR, 128 bit;300 MHz;200 MHz;4 / 3 / 4 / 4
334;GeForce 6600 VE;NV43;2005;PCIe 1.0 x16;128 MB, GDDR3, 128 bit;300 MHz;200 MHz;4 / 2 / 4 / 4
335;GeForce 6800 GS;NV40;Dec 8th, 2005;AGP 8x;256 MB, GDDR3, 256 bit;350 MHz;500 MHz;12 / 5 / 12 / 12
336;GeForce 6800 GS;NV41;Nov 7th, 2005;PCIe 1.0 x16;256 MB, GDDR3, 256 bit;425 MHz;500 MHz;12 / 5 / 12 / 12
337;GeForce 6800 LE;NV41;Jan 16th, 2005;PCIe 1.0 x16;256 MB, DDR, 256 bit;325 MHz;300 MHz;8 / 4 / 8 / 8
338;GeForce 6800 XE;NV40;Sep 30th, 2005;AGP 8x;256 MB, DDR2, 128 bit;275 MHz;266 MHz;8 / 3 / 8 / 8
339;GeForce 6800 XT;NV48;Sep 30th, 2005;AGP 8x;256 MB, DDR, 128 bit;300 MHz;266 MHz;8 / 4 / 8 / 8
340;GeForce 6800 XT;NV41;Sep 30th, 2005;PCIe 1.0 x16;256 MB, GDDR3, 256 bit;425 MHz;500 MHz;8 / 4 / 8 / 8
341;GeForce 6800 XT;NV40;Sep 30th, 2005;AGP 8x;256 MB, DDR, 256 bit;300 MHz;350 MHz;8 / 4 / 8 / 8
342;GeForce 6800 XT;NV42;Sep 30th, 2005;AGP 8x;256 MB, GDDR3, 256 bit;450 MHz;600 MHz;12 / 5 / 12 / 12
343;GeForce 7800 GT;G70;Aug 11th, 2005;PCIe 1.0 x16;256 MB, GDDR3, 256 bit;400 MHz;500 MHz;20 / 7 / 20 / 16
344;GeForce 7800 GT Dual;G70;Aug 11th, 2005;PCIe 1.0 x16;256 MB, GDDR3, 256 bit;400 MHz;500 MHz;20 / 7 / 20 / 16
345;GeForce 7800 GTX;G70;Jun 22nd, 2005;PCIe 1.0 x16;256 MB, GDDR3, 256 bit;430 MHz;600 MHz;24 / 8 / 24 / 16
346;GeForce 7800 GTX 512;G70;Nov 14th, 2005;PCIe 1.0 x16;512 MB, GDDR3, 256 bit;500 MHz;800 MHz;24 / 8 / 24 / 16
347;GeForce FX Go5700;NV36;Feb 1st, 2005;AGP 8x;128 MB, DDR, 128 bit;450 MHz;275 MHz;4 / 3 / 4 / 4
348;GeForce Go 6200 TE;NV43;Sep 29th, 2005;PCIe 1.0 x16;64 MB, DDR, 64 bit;300 MHz;300 MHz;4 / 3 / 4 / 4
349;GeForce Go 6600;NV43;Sep 29th, 2005;MXM-II;256 MB, DDR, 128 bit;300 MHz;350 MHz;8 / 3 / 8 / 4
350;GeForce Go 6600 NPB 128M;NV43;Sep 29th, 2005;MXM-I;128 MB, DDR, 128 bit;375 MHz;300 MHz;8 / 3 / 8 / 4
351;GeForce Go 6600 TE;NV43;Sep 29th, 2005;PCIe 1.0 x16;128 MB, DDR, 128 bit;225 MHz;200 MHz;8 / 3 / 8 / 4
352;GeForce Go 6800 Ultra;NV41;Feb 24th, 2005;PCIe 1.0 x16;256 MB, GDDR3, 256 bit;450 MHz;600 MHz;12 / 5 / 12 / 12
353;GeForce Go 7800 GTX;G70;Sep 29th, 2005;PCIe 1.0 x16;512 MB, GDDR3, 256 bit;440 MHz;550 MHz;24 / 8 / 24 / 16
354;Quadro FX 2500M;G71;Sep 29th, 2005;MXM-III;512 MB, GDDR3, 256 bit;500 MHz;600 MHz;24 / 8 / 24 / 16
355;Quadro FX 3450;NV41;Jul 28th, 2005;PCIe 1.0 x16;256 MB, GDDR3, 256 bit;425 MHz;500 MHz;12 / 5 / 12 / 12
356;Quadro FX 4400;NV45;Jul 28th, 2005;PCIe 1.0 x16;512 MB, GDDR3, 256 bit;375 MHz;525 MHz;16 / 6 / 16 / 16
357;Quadro FX 4400G;NV45;Jul 28th, 2005;PCIe 1.0 x16;512 MB, GDDR3, 256 bit;375 MHz;525 MHz;16 / 6 / 16 / 16
358;Quadro FX 4500;G70;Jul 28th, 2005;PCIe 1.0 x16;512 MB, GDDR3, 256 bit;430 MHz;525 MHz;24 / 8 / 24 / 16
359;Quadro FX Go1400;NV41;Feb 25th, 2005;MXM-III;256 MB, DDR, 256 bit;275 MHz;295 MHz;8 / 5 / 8 / 8
360;Quadro NVS 280 SD;NV18C;May 31st, 2005;AGP 8x;64 MB, DDR, 64 bit;250 MHz;200 MHz;2 / 0 / 4 / 2
361;Quadro NVS 50 PCI;NV18;May 31st, 2005;PCI;64 MB, DDR, 64 bit;250 MHz;200 MHz;2 / 0 / 4 / 2
362;Quadro NVS 55 PCI;NV34B;May 31st, 2005;PCI;64 MB, DDR, 64 bit;250 MHz;200 MHz;4 / 2 / 4 / 4
363;Playstation 2 GPU 90nm;EE+GS-90nm;May 26th, 2005;IGP;4 MB, eDRAM, 2560 bit;147 MHz;150 MHz;16 / 2 / 8 / 16
364;Volari 8300;XG47;Nov 1st, 2005;PCIe 1.0 x16;128 MB, DDR, 64 bit;300 MHz;300 MHz;4 / 2 / 8 / 4
365;Volari 8600 XT;XG45;Never Released;PCIe 1.0 x16;256 MB, GDDR3, 128 bit;450 MHz;450 MHz;8 / 2 / 8 / 4
366;Radeon 540X Mobile;Lexa;Sep 5th, 2018;PCIe 3.0 x8;2 GB, GDDR5, 64 bit;980 MHz;1500 MHz;512 / 32 / 16
367;Radeon 550X 640SP;Lexa;Apr 11th, 2018;PCIe 3.0 x8;4 GB, GDDR5, 64 bit;1019 MHz;1500 MHz;640 / 40 / 16
368;Radeon 550X Mobile;Polaris 23;Apr 11th, 2018;PCIe 3.0 x8;4 GB, GDDR5, 64 bit;1100 MHz;1500 MHz;640 / 40 / 16
369;Radeon Instinct MI50;Vega 20;Nov 18th, 2018;PCIe 4.0 x16;16 GB, HBM2, 4096 bit;1200 MHz;1000 MHz;3840 / 240 / 64
370;Radeon Instinct MI60;Vega 20;Nov 18th, 2018;PCIe 4.0 x16;32 GB, HBM2, 4096 bit;1200 MHz;1000 MHz;4096 / 256 / 64
371;Radeon Pro 555X;Polaris 21;Jul 16th, 2018;PCIe 3.0 x8;4 GB, GDDR5, 128 bit;907 MHz;1470 MHz;768 / 48 / 16
372;Radeon Pro 560X;Polaris 21;Jul 16th, 2018;PCIe 3.0 x8;4 GB, GDDR5, 128 bit;1004 MHz;1470 MHz;1024 / 64 / 16
373;Radeon Pro V340 16 GB;Vega 10;Aug 26th, 2018;PCIe 3.0 x16;16 GB, HBM2, 2048 bit;852 MHz;945 MHz;3584 / 224 / 64
374;Radeon Pro V340 8 GB;Vega 10;Aug 26th, 2018;PCIe 3.0 x16;8 GB, HBM2, 2048 bit;852 MHz;945 MHz;3584 / 224 / 64
375;Radeon Pro V420;Vega 20;Never Released;PCIe 4.0 x16;32 GB, HBM2, 4096 bit;800 MHz;800 MHz;4096 / 256 / 64
376;Radeon Pro Vega 16;Vega 12;Nov 14th, 2018;PCIe 3.0 x16;4 GB, HBM2, 1024 bit;815 MHz;1200 MHz;1024 / 64 / 32
377;Radeon Pro Vega 20;Vega 12;Nov 14th, 2018;PCIe 3.0 x16;4 GB, HBM2, 1024 bit;815 MHz;740 MHz;1280 / 80 / 32
378;Radeon Pro WX 8200;Vega 10;Aug 13th, 2018;PCIe 3.0 x16;8 GB, HBM2, 2048 bit;1200 MHz;1000 MHz;3584 / 224 / 64
379;Radeon Pro WX Vega M GL;Polaris 22;Apr 24th, 2018;IGP;4 GB, HBM2, 1024 bit;931 MHz;700 MHz;1280 / 80 / 32
380;Radeon RX 540X Mobile;Polaris 23;Apr 11th, 2018;PCIe 3.0 x8;2 GB, GDDR5, 128 bit;1124 MHz;1500 MHz;512 / 32 / 16
381;Radeon RX 550X;Lexa;Dec 16th, 2018;PCIe 3.0 x8;4 GB, GDDR5, 128 bit;1100 MHz;1500 MHz;512 / 32 / 16
382;Radeon RX 550X 640SP;Baffin;Apr 11th, 2018;PCIe 3.0 x8;2 GB, GDDR5, 128 bit;1019 MHz;1500 MHz;640 / 40 / 16
383;Radeon RX 550X Mobile;Polaris 23;Apr 11th, 2018;PCIe 3.0 x8;2 GB, GDDR5, 64 bit;1100 MHz;1500 MHz;640 / 40 / 16
384;Radeon RX 560DX;Polaris 21;Apr 11th, 2018;PCIe 3.0 x8;4 GB, GDDR5, 128 bit;1090 MHz;1500 MHz;896 / 56 / 16
385;Radeon RX 560X;Polaris 21;Apr 11th, 2018;PCIe 3.0 x8;4 GB, GDDR5, 128 bit;1175 MHz;1750 MHz;1024 / 64 / 16
386;Radeon RX 560X Mobile;Polaris 21;Apr 11th, 2018;MXM-B (3.0);4 GB, GDDR5, 128 bit;1275 MHz;1450 MHz;1024 / 64 / 16
387;Radeon RX 560X Mobile;Polaris 21;Apr 11th, 2018;MXM-B (3.0);4 GB, GDDR5, 128 bit;1275 MHz;1750 MHz;1024 / 64 / 16
388;Radeon RX 560X Mobile;Polaris 21;Apr 11th, 2018;MXM-B (3.0);2 GB, GDDR5, 128 bit;1175 MHz;1500 MHz;1024 / 64 / 16
389;Radeon RX 570X;Polaris 20;Apr 11th, 2018;PCIe 3.0 x16;8 GB, GDDR5, 256 bit;1168 MHz;1750 MHz;2048 / 128 / 32
390;Radeon RX 580 2048SP;Polaris 20;Oct 15th, 2018;PCIe 3.0 x16;4 GB, GDDR5, 256 bit;1168 MHz;1750 MHz;2048 / 128 / 32
391;Radeon RX 580G;Polaris 20;Oct 15th, 2018;PCIe 3.0 x16;8 GB, GDDR5, 256 bit;1257 MHz;2000 MHz;2304 / 144 / 32
392;Radeon RX 580X;Polaris 20;Apr 11th, 2018;PCIe 3.0 x16;8 GB, GDDR5, 256 bit;1257 MHz;2000 MHz;2304 / 144 / 32
393;Radeon RX 580X Mobile;Polaris 20;Apr 11th, 2018;MXM-B (3.0);8 GB, GDDR5, 256 bit;1000 MHz;2000 MHz;2304 / 144 / 32
394;Radeon RX 590;Polaris 30;Nov 15th, 2018;PCIe 3.0 x16;8 GB, GDDR5, 256 bit;1469 MHz;2000 MHz;2304 / 144 / 32
395;Radeon RX Vega 11;Raven;Feb 12th, 2018;IGP;System Shared;300 MHz;System Shared;704 / 44 / 8
396;Radeon RX Vega 11;Raven;May 10th, 2018;IGP;System Shared;300 MHz;System Shared;704 / 44 / 8
397;Radeon RX Vega 11 Embedded;Raven;Apr 19th, 2018;IGP;System Shared;300 MHz;System Shared;704 / 44 / 8
398;Radeon RX Vega 56 Mobile;Vega 10;Jun 1st, 2018;PCIe 3.0 x16;8 GB, HBM2, 2048 bit;1138 MHz;800 MHz;3584 / 224 / 64
399;Radeon RX Vega M GH;Polaris 22;Feb 1st, 2018;IGP;4 GB, HBM2, 1024 bit;1063 MHz;800 MHz;1536 / 96 / 64
400;Radeon RX Vega M GL;Polaris 22;Feb 1st, 2018;IGP;4 GB, HBM2, 1024 bit;931 MHz;700 MHz;1280 / 80 / 32
401;Radeon RX Vega Nano;Vega 10;Never Released;PCIe 3.0 x16;8 GB, HBM2, 2048 bit;1247 MHz;800 MHz;4096 / 256 / 64
402;Radeon Vega 11 Embedded;Raven;Feb 13th, 2018;IGP;System Shared;300 MHz;System Shared;704 / 44 / 8
403;Radeon Vega 3 Embedded;Raven;Jul 16th, 2018;IGP;System Shared;300 MHz;System Shared;192 / 12 / 4
404;Radeon Vega 3 Embedded;Raven;Feb 13th, 2018;IGP;System Shared;300 MHz;System Shared;192 / 12 / 4
405;Radeon Vega 3 Embedded;Raven;Sep 6th, 2018;IGP;System Shared;300 MHz;System Shared;192 / 12 / 4
406;Radeon Vega 3 Mobile;Raven;Jan 8th, 2018;IGP;System Shared;300 MHz;System Shared;192 / 12 / 4
407;Radeon Vega 6 Embedded;Raven;May 10th, 2018;IGP;System Shared;300 MHz;System Shared;384 / 24 / 8
408;Radeon Vega 6 Mobile;Raven;Jan 8th, 2018;IGP;System Shared;300 MHz;System Shared;384 / 24 / 8
409;Radeon Vega 8;Raven;Feb 12th, 2018;IGP;System Shared;300 MHz;System Shared;512 / 32 / 8
410;Radeon Vega 8 Embedded;Raven;Apr 19th, 2018;IGP;System Shared;300 MHz;System Shared;512 / 32 / 8
411;Radeon Vega 8 Embedded;Raven;Feb 13th, 2018;IGP;System Shared;300 MHz;System Shared;512 / 32 / 8
412;Zhongshan Subor Z+ GPU;Fenghuang;Aug 3rd, 2018;IGP;8 GB, GDDR5, 256 bit;1300 MHz;1200 MHz;1536 / 96 / 32
413;Iris Plus Graphics 655;Coffee Lake GT3e;Apr 3rd, 2018;Ring Bus;System Shared;300 MHz;System Shared;384 / 48 / 6
414;UHD Graphics 610;Coffee Lake GT1;Apr 3rd, 2018;Ring Bus;System Shared;350 MHz;System Shared;96 / 12 / 2
415;UHD Graphics 610;Coffee Lake GT1;Apr 3rd, 2018;Ring Bus;System Shared;300 MHz;System Shared;96 / 12 / 2
416;UHD Graphics 615;Amber Lake GT2;Nov 7th, 2018;Ring Bus;System Shared;300 MHz;System Shared;192 / 24 / 3
417;UHD Graphics 617;Amber Lake GT2;Nov 7th, 2018;Ring Bus;System Shared;300 MHz;System Shared;192 / 24 / 3
418;UHD Graphics 620;Whiskey Lake GT2;Aug 28th, 2018;Ring Bus;System Shared;300 MHz;System Shared;192 / 24 / 3
419;UHD Graphics 630;Coffee Lake GT2;Apr 3rd, 2018;Ring Bus;System Shared;350 MHz;System Shared;192 / 24 / 3
420;UHD Graphics P630;Coffee Lake GT2;May 24th, 2018;Ring Bus;System Shared;350 MHz;System Shared;192 / 24 / 3
421;UHD Graphics P630;Coffee Lake GT2;May 24th, 2018;Ring Bus;System Shared;350 MHz;System Shared;192 / 24 / 3
422;GeForce GT 1030 DDR4;GP108;Mar 12th, 2018;PCIe 3.0 x4;2 GB, DDR4, 64 bit;1152 MHz;1050 MHz;384 / 24 / 16
423;GeForce GT 1030 GK107;GK107;Sep 30th, 2018;PCIe 3.0 x16;2 GB, GDDR5, 128 bit;1058 MHz;1250 MHz;384 / 32 / 16
424;GeForce GTX 1050 3 GB;GP107;May 21st, 2018;PCIe 3.0 x16;3 GB, GDDR5, 96 bit;1392 MHz;1752 MHz;768 / 48 / 24
425;GeForce GTX 1050 Max-Q;GP107;Jan 3rd, 2018;PCIe 3.0 x16;4 GB, GDDR5, 128 bit;1000 MHz;1752 MHz;640 / 40 / 16
426;GeForce GTX 1050 Ti Max-Q;GP107;Jan 3rd, 2018;PCIe 3.0 x16;4 GB, GDDR5, 128 bit;1152 MHz;1752 MHz;768 / 48 / 32
427;GeForce GTX 1060 6 GB GDDR5X;GP104;Oct 18th, 2018;PCIe 3.0 x16;6 GB, GDDR5X, 192 bit;1506 MHz;1001 MHz;1280 / 80 / 48
428;GeForce GTX 1060 6 GB GP104;GP104;Mar 8th, 2018;PCIe 3.0 x16;6 GB, GDDR5, 192 bit;1506 MHz;2002 MHz;1280 / 80 / 48
429;GeForce GTX 1060 6 GB Rev. 2;GP106;Jan 5th, 2018;PCIe 3.0 x16;6 GB, GDDR5, 192 bit;1506 MHz;2002 MHz;1280 / 80 / 48
430;GeForce GTX 1060 8 GB GDDR5X;GP104;Never Released;PCIe 3.0 x16;8 GB, GDDR5X, 256 bit;1506 MHz;1001 MHz;1280 / 80 / 64
431;GeForce GTX 1070 GDDR5X;GP104;Dec 4th, 2018;PCIe 3.0 x16;8 GB, GDDR5X, 256 bit;1506 MHz;1001 MHz;1920 / 120 / 64
432;GeForce GTX 1080 Ti 10 GB;GP102;Never Released;PCIe 3.0 x16;10 GB, GDDR5X, 320 bit;1557 MHz;1376 MHz;3200 / 200 / 80
433;GeForce RTX 2070;TU106;Oct 17th, 2018;PCIe 3.0 x16;8 GB, GDDR6, 256 bit;1410 MHz;1750 MHz;2304 / 144 / 64
434;GeForce RTX 2080;TU104;Sep 20th, 2018;PCIe 3.0 x16;8 GB, GDDR6, 256 bit;1515 MHz;1750 MHz;2944 / 184 / 64
435;GeForce RTX 2080 Engineering Sample;TU104;Never Released;PCIe 3.0 x16;8 GB, GDDR6, 256 bit;1515 MHz;1750 MHz;3072 / 192 / 64
436;GeForce RTX 2080 Ti;TU102;Sep 20th, 2018;PCIe 3.0 x16;11 GB, GDDR6, 352 bit;1350 MHz;1750 MHz;4352 / 272 / 88
437;Jetson AGX Xavier GPU;GV10B;Oct 2018;IGP;System Shared;854 MHz;System Shared;512 / 32 / 16
438;P102-100;GP102;Feb 12th, 2018;PCIe 1.0 x4;5 GB, GDDR5X, 320 bit;1582 MHz;1376 MHz;3200 / 200 / 80
439;P102-101;GP102;2018;PCIe 3.0 x4;10 GB, GDDR5, 320 bit;1557 MHz;2002 MHz;3200 / 200 / 80
440;P104-101;GP104;Jan 5th, 2018;PCIe 1.0 x4;4 GB, GDDR5, 256 bit;1506 MHz;2002 MHz;2560 / 160 / 64
441;Quadro GV100;GV100;Mar 27th, 2018;PCIe 3.0 x16;32 GB, HBM2, 4096 bit;1132 MHz;848 MHz;5120 / 320 / 128
442;Quadro P3200 Max-Q;GP104;Feb 21st, 2018;MXM-B (3.0);6 GB, GDDR5, 192 bit;1139 MHz;1753 MHz;1792 / 112 / 64
443;Quadro P3200 Mobile;GP104;Feb 21st, 2018;MXM-B (3.0);6 GB, GDDR5, 192 bit;1328 MHz;1752 MHz;1792 / 112 / 64
444;Quadro P4200 Max-Q;GP104;Feb 21st, 2018;MXM-B (3.0);8 GB, GDDR5, 256 bit;1215 MHz;1753 MHz;2304 / 144 / 64
445;Quadro P4200 Mobile;GP104;Feb 21st, 2018;MXM-B (3.0);8 GB, GDDR5, 256 bit;1418 MHz;1753 MHz;2304 / 144 / 64
446;Quadro P500 Mobile;GP108;Jan 5th, 2018;PCIe 3.0 x16;2 GB, GDDR5, 64 bit;1455 MHz;1253 MHz;256 / 16 / 16
447;Quadro P5200 Max-Q;GP104;Feb 21st, 2018;MXM-B (3.0);16 GB, GDDR5, 256 bit;1316 MHz;1804 MHz;2560 / 160 / 64
448;Quadro P5200 Mobile;GP104;Feb 21st, 2018;MXM-B (3.0);16 GB, GDDR5, 256 bit;1582 MHz;1804 MHz;2560 / 160 / 64
449;Quadro P620;GP107;Feb 1st, 2018;PCIe 3.0 x16;2 GB, GDDR5, 128 bit;1266 MHz;1252 MHz;512 / 32 / 16
450;Quadro P620 Mobile;GP107;Feb 1st, 2018;PCIe 3.0 x16;4 GB, GDDR5, 128 bit;1177 MHz;1502 MHz;512 / 32 / 16
451;Quadro RTX 4000;TU104;Nov 13th, 2018;PCIe 3.0 x16;8 GB, GDDR6, 256 bit;1005 MHz;1625 MHz;2304 / 144 / 64
452;Quadro RTX 5000;TU104;Aug 13th, 2018;PCIe 3.0 x16;16 GB, GDDR6, 256 bit;1620 MHz;1750 MHz;3072 / 192 / 64
453;Quadro RTX 6000;TU102;Aug 13th, 2018;PCIe 3.0 x16;24 GB, GDDR6, 384 bit;1440 MHz;1750 MHz;4608 / 288 / 96
454;Quadro RTX 6000 Passive;TU102;Aug 13th, 2018;PCIe 3.0 x16;24 GB, GDDR6, 384 bit;1305 MHz;1750 MHz;4608 / 288 / 96
455;Quadro RTX 8000;TU102;Aug 13th, 2018;PCIe 3.0 x16;48 GB, GDDR6, 384 bit;1395 MHz;1750 MHz;4608 / 288 / 96
456;Quadro RTX 8000 Passive;TU102;Aug 13th, 2018;PCIe 3.0 x16;48 GB, GDDR6, 384 bit;1230 MHz;1625 MHz;4608 / 288 / 96
457;TITAN RTX;TU102;Dec 18th, 2018;PCIe 3.0 x16;24 GB, GDDR6, 384 bit;1350 MHz;1750 MHz;4608 / 288 / 96
458;TITAN V CEO Edition;GV100;Jun 21st, 2018;PCIe 3.0 x16;32 GB, HBM2, 4096 bit;1200 MHz;848 MHz;5120 / 320 / 128
459;Tesla T4;TU104;Sep 13th, 2018;PCIe 3.0 x16;16 GB, GDDR6, 256 bit;585 MHz;1250 MHz;2560 / 160 / 64
460;Tesla V100 DGXS 16 GB;GV100;Mar 27th, 2018;PCIe 3.0 x16;16 GB, HBM2, 4096 bit;1354 MHz;876 MHz;5120 / 320 / 128
461;Tesla V100 DGXS 32 GB;GV100;Mar 27th, 2018;PCIe 3.0 x16;32 GB, HBM2, 4096 bit;1297 MHz;876 MHz;5120 / 320 / 128
462;Tesla V100 FHHL;GV100;Mar 27th, 2018;PCIe 3.0 x16;16 GB, HBM2, 4096 bit;937 MHz;808 MHz;5120 / 320 / 128
463;Tesla V100 PCIe 32 GB;GV100;Mar 27th, 2018;PCIe 3.0 x16;32 GB, HBM2, 4096 bit;1230 MHz;876 MHz;5120 / 320 / 128
464;Tesla V100 SXM2 32 GB;GV100;Mar 27th, 2018;PCIe 3.0 x16;32 GB, HBM2, 4096 bit;1290 MHz;877 MHz;5120 / 320 / 128
465;Tesla V100 SXM3 32 GB;GV100;Mar 27th, 2018;PCIe 3.0 x16;32 GB, HBM2, 4096 bit;1380 MHz;958 MHz;5120 / 320 / 128
466;AeroBox GPU;Kryptos;Mar 13th, 2020;IGP;8 GB, DDR3, 256 bit;935 MHz;1066 MHz;896 / 56 / 16
467;Atari VCS 400 GPU;Banded Kestrel;Dec 14th, 2020;IGP;4 GB, DDR4, 128 bit;300 MHz;1200 MHz;192 / 12 / 4
468;Atari VCS 800 GPU;Banded Kestrel;Dec 14th, 2020;IGP;8 GB, DDR4, 128 bit;300 MHz;1200 MHz;192 / 12 / 4
469;Playstation 5 GPU;Oberon;Nov 12th, 2020;IGP;16 GB, GDDR6, 256 bit;2233 MHz;1750 MHz;2304 / 144 / 64
470;Radeon Graphics 320SP Mobile;Renoir;Jan 6th, 2020;IGP;System Shared;400 MHz;System Shared;320 / 20 / 8
471;Radeon Graphics 384SP Mobile;Renoir;Jan 6th, 2020;IGP;System Shared;400 MHz;System Shared;384 / 24 / 8
472;Radeon Graphics 448SP;Renoir;Jan 6th, 2020;IGP;System Shared;400 MHz;System Shared;448 / 28 / 8
473;Radeon Graphics 448SP Mobile;Renoir;Jan 6th, 2020;IGP;System Shared;400 MHz;System Shared;448 / 28 / 8
474;Radeon Graphics 512SP;Renoir;Mar 7th, 2020;IGP;System Shared;400 MHz;System Shared;512 / 32 / 8
475;Radeon Graphics 512SP Mobile;Renoir;Mar 7th, 2020;IGP;System Shared;400 MHz;System Shared;512 / 32 / 8
476;Radeon Instinct MI100;Arcturus;Nov 16th, 2020;PCIe 4.0 x16;32 GB, HBM2, 4096 bit;1000 MHz;1200 MHz;7680 / 480 / 64
477;Radeon Pro 5300;Navi 14;Aug 4th, 2020;PCIe 4.0 x8;4 GB, GDDR6, 128 bit;1000 MHz;1750 MHz;1280 / 80 / 32
478;Radeon Pro 5500 XT;Navi 14;Aug 4th, 2020;PCIe 4.0 x8;8 GB, GDDR6, 128 bit;1187 MHz;1750 MHz;1536 / 96 / 32
479;Radeon Pro 5600M;Navi 12;Jun 15th, 2020;PCIe 4.0 x16;8 GB, HBM2, 2048 bit;1000 MHz;770 MHz;2560 / 160 / 64
480;Radeon Pro 5700;Navi 10;Aug 4th, 2020;PCIe 4.0 x16;8 GB, GDDR6, 256 bit;1243 MHz;1500 MHz;2304 / 144 / 64
481;Radeon Pro 5700 XT;Navi 10;Aug 4th, 2020;PCIe 4.0 x16;16 GB, GDDR6, 256 bit;1243 MHz;1500 MHz;2560 / 160 / 64
482;Radeon Pro V520;Navi 12;Dec 1st, 2020;PCIe 4.0 x16;8 GB, HBM2, 2048 bit;1000 MHz;1000 MHz;2304 / 144 / 64
483;Radeon Pro VII;Vega 20;May 13th, 2020;PCIe 4.0 x16;16 GB, HBM2, 4096 bit;1400 MHz;1000 MHz;3840 / 240 / 64
484;Radeon Pro W5500;Navi 14;Feb 10th, 2020;PCIe 4.0 x8;8 GB, GDDR6, 128 bit;1744 MHz;1750 MHz;1408 / 88 / 32
485;Radeon Pro W5500M;Navi 14;Feb 10th, 2020;PCIe 4.0 x8;4 GB, GDDR6, 128 bit;1000 MHz;1750 MHz;1408 / 88 / 32
486;Radeon RX 5300;Navi 14;May 28th, 2020;PCIe 4.0 x8;3 GB, GDDR6, 96 bit;1327 MHz;1750 MHz;1408 / 88 / 32
487;Radeon RX 5600 OEM;Navi 10;Jan 21st, 2020;PCIe 4.0 x16;6 GB, GDDR6, 192 bit;1130 MHz;1500 MHz;2048 / 128 / 64
488;Radeon RX 5600 XT;Navi 10;Jan 21st, 2020;PCIe 4.0 x16;6 GB, GDDR6, 192 bit;1130 MHz;1500 MHz;2304 / 144 / 64
489;Radeon RX 5600M;Navi 10;Jul 7th, 2020;PCIe 4.0 x16;6 GB, GDDR6, 192 bit;1035 MHz;1500 MHz;2304 / 144 / 64
490;Radeon RX 5700M;Navi 10;Mar 1st, 2020;PCIe 4.0 x16;8 GB, GDDR6, 256 bit;1465 MHz;1500 MHz;2304 / 144 / 64
491;Radeon RX 590 GME;Polaris 20;Mar 9th, 2020;PCIe 3.0 x16;8 GB, GDDR5, 256 bit;1257 MHz;2000 MHz;2304 / 144 / 32
492;Radeon RX 6800;Navi 21;Oct 28th, 2020;PCIe 4.0 x16;16 GB, GDDR6, 256 bit;1700 MHz;2000 MHz;3840 / 240 / 96
493;Radeon RX 6800 XT;Navi 21;Oct 28th, 2020;PCIe 4.0 x16;16 GB, GDDR6, 256 bit;1825 MHz;2000 MHz;4608 / 288 / 128
494;Radeon RX 6900 XT;Navi 21;Oct 28th, 2020;PCIe 4.0 x16;16 GB, GDDR6, 256 bit;1825 MHz;2000 MHz;5120 / 320 / 128
495;Radeon RX 6900 XTX;Navi 21;Never Released;PCIe 4.0 x16;16 GB, GDDR6, 256 bit;2075 MHz;2250 MHz;5120 / 320 / 128
496;Radeon Vega 3 Mobile;Picasso;Jan 6th, 2020;IGP;System Shared;300 MHz;System Shared;192 / 12 / 4
497;Xbox Series S GPU;Lockhart;Nov 10th, 2020;IGP;8 GB, GDDR6, 128 bit;1565 MHz;1750 MHz;1280 / 80 / 32
498;Xbox Series X GPU;Scarlett;Nov 10th, 2020;IGP;10 GB, GDDR6, 320 bit;1825 MHz;1750 MHz;3328 / 208 / 64
499;H3C XG310;DG1;Nov 11th, 2020;PCIe 3.0 x16;8 GB, LPDDR4X, 128 bit;1050 MHz;2133 MHz;768 / 48 / 24
500;Iris Plus Graphics G7;Ice Lake GT2;May 4th, 2020;Ring Bus;System Shared;300 MHz;System Shared;512 / 32 / 8
501;Iris Xe Graphics G4;Tiger Lake GT2;Sep 2nd, 2020;Ring Bus;System Shared;300 MHz;System Shared;384 / 24 / 12
502;Iris Xe Graphics G7 80EU;Tiger Lake GT2;Sep 2nd, 2020;Ring Bus;System Shared;300 MHz;System Shared;640 / 40 / 20
503;Iris Xe Graphics G7 96EU;Tiger Lake GT2;Sep 2nd, 2020;Ring Bus;System Shared;300 MHz;System Shared;768 / 48 / 24
504;Iris Xe MAX Graphics;DG1;Oct 31st, 2020;PCIe 4.0 x8;4 GB, LPDDR4X, 128 bit;300 MHz;2133 MHz;768 / 48 / 24
505;UHD Graphics 610;Comet Lake GT1;Apr 30th, 2020;Ring Bus;System Shared;350 MHz;System Shared;96 / 12 / 2
506;UHD Graphics 630;Comet Lake GT2;Apr 30th, 2020;Ring Bus;System Shared;350 MHz;System Shared;184 / 23 / 3
507;UHD Graphics 630;Comet Lake GT2;Apr 30th, 2020;Ring Bus;System Shared;350 MHz;System Shared;192 / 24 / 3
508;UHD Graphics G4;Lakefield GT1;May 28th, 2020;Ring Bus;System Shared;200 MHz;System Shared;384 / 32 / 8
509;UHD Graphics G7;Lakefield GT2;May 28th, 2020;Ring Bus;System Shared;200 MHz;System Shared;512 / 32 / 8
510;UHD Graphics P630;Comet Lake GT2;May 13th, 2020;Ring Bus;System Shared;350 MHz;System Shared;192 / 24 / 3
511;UHD Graphics P630;Comet Lake GT2;May 13th, 2020;Ring Bus;System Shared;350 MHz;System Shared;192 / 24 / 3
512;Xe DG1;DG1;Never Released;PCIe 4.0 x8;4 GB, LPDDR4X, 128 bit;900 MHz;2133 MHz;640 / 40 / 20
513;Xe DG1-SDV;DG1;Never Released;PCIe 4.0 x8;8 GB, LPDDR4X, 128 bit;900 MHz;2133 MHz;768 / 48 / 24
514;A100 PCIe 40 GB;GA100;Jun 22nd, 2020;PCIe 4.0 x16;40 GB, HBM2e, 5120 bit;765 MHz;1215 MHz;6912 / 432 / 160
515;A100 SXM4 40 GB;GA100;May 14th, 2020;PCIe 4.0 x16;40 GB, HBM2e, 5120 bit;1095 MHz;1215 MHz;6912 / 432 / 160
516;A100 SXM4 80 GB;GA100;Nov 16th, 2020;PCIe 4.0 x16;80 GB, HBM2e, 5120 bit;1275 MHz;1593 MHz;6912 / 432 / 160
517;A40 PCIe;GA102;Oct 5th, 2020;PCIe 4.0 x16;48 GB, GDDR6, 384 bit;1305 MHz;1812 MHz;10752 / 336 / 112
518;DRIVE A100 PROD;GA100;May 14th, 2020;PCIe 4.0 x16;32 GB, HBM2e, 6144 bit;1065 MHz;1215 MHz;6912 / 432 / 192
519;GRID A100A;GA100;May 14th, 2020;PCIe 4.0 x16;32 GB, HBM2e, 6144 bit;900 MHz;1215 MHz;6912 / 432 / 192
520;GRID A100B;GA100;May 14th, 2020;PCIe 4.0 x16;48 GB, HBM2e, 6144 bit;900 MHz;1215 MHz;6912 / 432 / 192
521;GRID RTX T10-16;TU102;Unknown;PCIe 3.0 x16;16 GB, GDDR6, 384 bit;1065 MHz;1575 MHz;4608 / 288 / 96
522;GRID RTX T10-2;TU102;Unknown;PCIe 3.0 x16;2 GB, GDDR6, 384 bit;1065 MHz;1750 MHz;4608 / 288 / 96
523;GRID RTX T10-4;TU102;Unknown;PCIe 3.0 x16;4 GB, GDDR6, 384 bit;1065 MHz;1750 MHz;4608 / 288 / 96
524;GRID RTX T10-8;TU102;Unknown;PCIe 3.0 x16;8 GB, GDDR6, 384 bit;1065 MHz;1750 MHz;4608 / 288 / 96
525;GeForce GTX 1650 GDDR6;TU117;Apr 1st, 2020;PCIe 3.0 x16;4 GB, GDDR6, 128 bit;1410 MHz;1500 MHz;896 / 56 / 32
526;GeForce GTX 1650 Max-Q;TU117;Apr 15th, 2020;PCIe 3.0 x16;4 GB, GDDR6, 128 bit;930 MHz;1250 MHz;1024 / 64 / 32
527;GeForce GTX 1650 Mobile;TU117;Apr 15th, 2020;PCIe 3.0 x16;4 GB, GDDR6, 128 bit;1380 MHz;1500 MHz;1024 / 64 / 32
528;GeForce GTX 1650 TU106;TU106;Jun 18th, 2020;PCIe 3.0 x16;4 GB, GDDR6, 128 bit;1410 MHz;1500 MHz;896 / 56 / 32
529;GeForce GTX 1650 TU116;TU116;Jul 7th, 2020;PCIe 3.0 x16;4 GB, GDDR6, 128 bit;1410 MHz;1500 MHz;896 / 56 / 32
530;GeForce GTX 1650 Ti Max-Q;TU117;Apr 2nd, 2020;PCIe 3.0 x16;4 GB, GDDR6, 128 bit;1035 MHz;1250 MHz;1024 / 64 / 32
531;GeForce GTX 1650 Ti Mobile;TU117;Apr 2nd, 2020;PCIe 3.0 x16;4 GB, GDDR6, 128 bit;1350 MHz;1500 MHz;1024 / 64 / 32
532;GeForce GTX 1650 Ti Mobile;TU116;Apr 23rd, 2020;PCIe 3.0 x16;4 GB, GDDR6, 128 bit;1350 MHz;1500 MHz;1024 / 64 / 32
533;GeForce MX330;GP108;Feb 10th, 2020;PCIe 3.0 x4;2 GB, GDDR5, 64 bit;1531 MHz;1752 MHz;384 / 24 / 16
534;GeForce MX350;GP107;Feb 10th, 2020;PCIe 3.0 x4;2 GB, GDDR5, 64 bit;747 MHz;1752 MHz;640 / 32 / 16
535;GeForce MX350;GP107;Feb 10th, 2020;PCIe 3.0 x4;2 GB, GDDR5, 64 bit;1354 MHz;1752 MHz;640 / 32 / 16
536;GeForce MX450 25W;TU117;Aug 15th, 2020;PCIe 4.0 x4;2 GB, GDDR6, 64 bit;720 MHz;1250 MHz;896 / 56 / 32
537;GeForce MX450 30.5W 10Gbps;TU117;Aug 25th, 2020;PCIe 4.0 x4;2 GB, GDDR6, 64 bit;1395 MHz;1250 MHz;896 / 56 / 32
538;GeForce MX450 30.5W 8Gbps;TU117;Aug 25th, 2020;PCIe 4.0 x4;2 GB, GDDR5, 64 bit;1035 MHz;2000 MHz;896 / 56 / 32
539;GeForce RTX 2060 Max-Q;TU106;Jan 29th, 2020;PCIe 3.0 x16;6 GB, GDDR6, 192 bit;975 MHz;1375 MHz;1920 / 120 / 48
540;GeForce RTX 2060 TU104;TU104;Jan 10th, 2020;PCIe 3.0 x16;6 GB, GDDR6, 192 bit;1365 MHz;1750 MHz;1920 / 120 / 48
541;GeForce RTX 2070 Max-Q Refresh;TU106B;Mar 4th, 2020;PCIe 3.0 x16;8 GB, GDDR6, 256 bit;900 MHz;1375 MHz;2304 / 144 / 64
542;GeForce RTX 2070 Mobile Refresh;TU106B;Mar 4th, 2020;PCIe 3.0 x16;8 GB, GDDR6, 256 bit;1260 MHz;1375 MHz;2304 / 144 / 64
543;GeForce RTX 2070 SUPER Max-Q;TU104;Apr 2nd, 2020;PCIe 3.0 x16;8 GB, GDDR6, 256 bit;930 MHz;1375 MHz;2560 / 160 / 64
544;GeForce RTX 2070 SUPER Mobile;TU104;Apr 2nd, 2020;PCIe 3.0 x16;8 GB, GDDR6, 256 bit;1140 MHz;1750 MHz;2560 / 160 / 64
545;GeForce RTX 2080 SUPER Max-Q;TU104;Apr 2nd, 2020;PCIe 3.0 x16;8 GB, GDDR6, 256 bit;735 MHz;1375 MHz;3072 / 192 / 64
546;GeForce RTX 2080 SUPER Mobile;TU104;Apr 2nd, 2020;PCIe 3.0 x16;8 GB, GDDR6, 256 bit;1365 MHz;1750 MHz;3072 / 192 / 64
547;GeForce RTX 3060 Ti;GA104;Dec 1st, 2020;PCIe 4.0 x16;8 GB, GDDR6, 256 bit;1410 MHz;1750 MHz;4864 / 152 / 80
548;GeForce RTX 3070;GA104;Sep 1st, 2020;PCIe 4.0 x16;8 GB, GDDR6, 256 bit;1500 MHz;1750 MHz;5888 / 184 / 96
549;GeForce RTX 3080;GA102;Sep 1st, 2020;PCIe 4.0 x16;10 GB, GDDR6X, 320 bit;1440 MHz;1188 MHz;8704 / 272 / 96
550;GeForce RTX 3090;GA102;Sep 1st, 2020;PCIe 4.0 x16;24 GB, GDDR6X, 384 bit;1395 MHz;1219 MHz;10496 / 328 / 112
551;Jetson Xavier NX GPU;GV10B;May 14th, 2020;IGP;System Shared;854 MHz;System Shared;384 / 24 / 16
552;Quadro RTX 5000 Mobile Refresh;TU104B;Jun 8th, 2020;PCIe 3.0 x16;16 GB, GDDR6, 256 bit;1365 MHz;1750 MHz;3072 / 192 / 64
553;Quadro RTX 6000 Mobile;TU102;2020;PCIe 3.0 x16;24 GB, GDDR6, 384 bit;1275 MHz;1750 MHz;4608 / 288 / 96
554;Quadro T1000 Mobile GDDR6;TU117B;Jun 8th, 2020;PCIe 3.0 x16;4 GB, GDDR6, 128 bit;1395 MHz;1500 MHz;896 / 56 / 32
555;RTX A6000;GA102;Oct 5th, 2020;PCIe 4.0 x16;48 GB, GDDR6, 384 bit;1410 MHz;2000 MHz;10752 / 336 / 112
556;T500 Mobile;TU117;Dec 2nd, 2020;PCIe 3.0 x16;2 GB, GDDR6, 64 bit;1365 MHz;1250 MHz;896 / 56 / 32
557;Radeon Graphics 384SP;Cezanne;Apr 13th, 2021;IGP;System Shared;300 MHz;System Shared;384 / 24 / 8
558;Radeon Graphics 384SP Mobile;Cezanne;Apr 13th, 2021;IGP;System Shared;300 MHz;System Shared;384 / 24 / 8
559;Radeon Graphics 448SP;Cezanne;Apr 13th, 2021;IGP;System Shared;300 MHz;System Shared;448 / 28 / 8
560;Radeon Graphics 448SP Mobile;Cezanne;Apr 13th, 2021;IGP;System Shared;300 MHz;System Shared;448 / 28 / 8
561;Radeon Graphics 448SP Mobile;Lucienne;Jan 12th, 2021;IGP;System Shared;300 MHz;System Shared;448 / 32 / 8
562;Radeon Graphics 512SP;Cezanne;Jan 12th, 2021;IGP;System Shared;300 MHz;System Shared;512 / 32 / 8
563;Radeon Graphics 512SP Mobile;Cezanne;Jan 12th, 2021;IGP;System Shared;300 MHz;System Shared;512 / 32 / 8
564;Radeon Instinct MI210;Aldebaran;Dec 2021;PCIe 4.0 x16;64 GB, HBM2e, 4096 bit;1000 MHz;1600 MHz;6656 / 416 / 0
565;Radeon Instinct MI250;Aldebaran;Nov 8th, 2021;PCIe 4.0 x16;128 GB, HBM2e, 8192 bit;1000 MHz;1600 MHz;13312 / 832 / 0
566;Radeon Instinct MI250X;Aldebaran;Nov 8th, 2021;PCIe 4.0 x16;128 GB, HBM2e, 8192 bit;1000 MHz;1600 MHz;14080 / 880 / 0
567;Radeon PRO V620;Navi 21;Nov 4th, 2021;PCIe 4.0 x16;32 GB, GDDR6, 256 bit;1825 MHz;2000 MHz;4608 / 288 / 128
568;Radeon PRO W6600;Navi 23;Jun 8th, 2021;PCIe 4.0 x8;8 GB, GDDR6, 128 bit;2331 MHz;1750 MHz;1792 / 112 / 64
569;Radeon PRO W6600M;Navi 23;Jun 8th, 2021;PCIe 4.0 x16;8 GB, GDDR6, 128 bit;2200 MHz;1750 MHz;1792 / 112 / 64
570;Radeon PRO W6800;Navi 21;Jun 8th, 2021;PCIe 4.0 x16;32 GB, GDDR6, 256 bit;2075 MHz;2000 MHz;3840 / 240 / 96
571;Radeon PRO W6800X;Navi 21;Aug 3rd, 2021;PCIe 4.0 x16;32 GB, GDDR6, 256 bit;1800 MHz;2000 MHz;3840 / 240 / 96
572;Radeon PRO W6800X Duo;Navi 21;Aug 3rd, 2021;PCIe 4.0 x16;32 GB, GDDR6, 256 bit;1800 MHz;2000 MHz;3840 / 240 / 96
573;Radeon PRO W6900X;Navi 21;Aug 3rd, 2021;PCIe 4.0 x16;32 GB, GDDR6, 256 bit;1825 MHz;2000 MHz;5120 / 320 / 128
574;Radeon RX 6600;Navi 23;Oct 13th, 2021;PCIe 4.0 x8;8 GB, GDDR6, 128 bit;1626 MHz;1750 MHz;1792 / 112 / 64
575;Radeon RX 6600 XT;Navi 23;Jul 30th, 2021;PCIe 4.0 x8;8 GB, GDDR6, 128 bit;1968 MHz;2000 MHz;2048 / 128 / 64
576;Radeon RX 6600M;Navi 23;May 31st, 2021;PCIe 4.0 x8;8 GB, GDDR6, 128 bit;2068 MHz;1750 MHz;1792 / 112 / 64
577;Radeon RX 6700;Navi 22;Jun 9th, 2021;PCIe 4.0 x16;10 GB, GDDR6, 160 bit;1941 MHz;2000 MHz;2304 / 144 / 64
578;Radeon RX 6700 XT;Navi 22;Mar 3rd, 2021;PCIe 4.0 x16;12 GB, GDDR6, 192 bit;2321 MHz;2000 MHz;2560 / 160 / 64
579;Radeon RX 6700M;Navi 22;May 31st, 2021;PCIe 4.0 x16;10 GB, GDDR6, 160 bit;1489 MHz;2000 MHz;2304 / 144 / 64
580;Radeon RX 6800M;Navi 22;May 31st, 2021;PCIe 4.0 x16;12 GB, GDDR6, 192 bit;2116 MHz;2000 MHz;2560 / 160 / 64
581;Arctic Sound 1T;Arctic Sound;2021;PCIe 4.0 x16;16 GB, HBM2e, 4096 bit;900 MHz;1200 MHz;6144 / 192 / 96
582;Arctic Sound 2T;Arctic Sound;2021;PCIe 4.0 x16;16 GB, HBM2e, 4096 bit;900 MHz;1200 MHz;7680 / 240 / 120
583;UHD Graphics;Rocket Lake GT1;2021;Ring Bus;System Shared;300 MHz;System Shared;128 / 8 / 8
584;UHD Graphics;Tiger Lake GT1;2021;Ring Bus;System Shared;350 MHz;System Shared;256 / 16 / 8
585;UHD Graphics 16EU;Jasper Lake GT1;Jan 11th, 2021;Ring Bus;System Shared;350 MHz;System Shared;128 / 8 / 4
586;UHD Graphics 24EU;Jasper Lake GT1;Jan 11th, 2021;Ring Bus;System Shared;350 MHz;System Shared;192 / 12 / 6
587;UHD Graphics 32EU;Jasper Lake GT1;Jan 11th, 2021;Ring Bus;System Shared;350 MHz;System Shared;256 / 16 / 8
588;UHD Graphics 730;Rocket Lake GT1;Mar 30th, 2021;Ring Bus;System Shared;300 MHz;System Shared;192 / 12 / 8
589;UHD Graphics 750;Rocket Lake GT1;Mar 30th, 2021;Ring Bus;System Shared;300 MHz;System Shared;256 / 16 / 8
590;UHD Graphics 770;Alder Lake GT1;Nov 4th, 2021;Ring Bus;System Shared;300 MHz;System Shared;256 / 16 / 8
591;UHD Graphics P750;Rocket Lake GT1;2021;Ring Bus;System Shared;300 MHz;System Shared;256 / 64 / 32
592;A10 PCIe;GA102;Apr 12th, 2021;PCIe 4.0 x16;24 GB, GDDR6, 384 bit;885 MHz;1563 MHz;9216 / 288 / 96
593;A100 PCIe 80 GB;GA100;Jun 28th, 2021;PCIe 4.0 x16;80 GB, HBM2e, 5120 bit;1065 MHz;1593 MHz;6912 / 432 / 160
594;A100X;GA100;Jun 28th, 2021;PCIe 4.0 x8;80 GB, HBM2e, 5120 bit;795 MHz;1593 MHz;6912 / 432 / 160
595;A10G;GA102;Apr 12th, 2021;PCIe 4.0 x16;12 GB, GDDR6, 384 bit;1320 MHz;1563 MHz;9216 / 288 / 96
596;A16 PCIe;GA107;Apr 12th, 2021;PCIe 4.0 x8;16 GB, GDDR6, 128 bit;1312 MHz;1563 MHz;1280 / 40 / 32
597;A2;GA107;Nov 10th, 2021;PCIe 4.0 x8;16 GB, GDDR6, 128 bit;1440 MHz;1563 MHz;1280 / 40 / 32
598;A30 PCIe;GA100;Apr 12th, 2021;PCIe 4.0 x16;24 GB, HBM2e, 3072 bit;930 MHz;1215 MHz;3584 / 224 / 96
599;A30X;GA100;Apr 12th, 2021;PCIe 4.0 x8;24 GB, HBM2e, 3072 bit;1035 MHz;1593 MHz;3584 / 224 / 96
600;CMP 170HX 10 GB;GA100;Sep 1st, 2021;PCIe 4.0 x4;10 GB, HBM2e, 5120 bit;1140 MHz;1215 MHz;4480 / 280 / 128
601;CMP 170HX 8 GB;GA100;Sep 1st, 2021;PCIe 4.0 x4;8 GB, HBM2e, 4096 bit;1140 MHz;1458 MHz;4480 / 280 / 128
602;CMP 30HX;TU116;Feb 25th, 2021;PCIe 3.0 x4;6 GB, GDDR6, 192 bit;1530 MHz;1750 MHz;1408 / 88 / 48
603;CMP 40HX;TU106;Feb 25th, 2021;PCIe 3.0 x16;8 GB, GDDR6, 256 bit;1470 MHz;1750 MHz;2304 / 144 / 64
604;CMP 50HX;TU102;Jun 24th, 2021;PCIe 3.0 x16;10 GB, GDDR6, 320 bit;1350 MHz;1750 MHz;3584 / 192 / 80
605;CMP 70HX;GA104;Unknown;PCIe 4.0 x16;8 GB, GDDR6X, 256 bit;1365 MHz;1188 MHz;6144 / 192 / 96
606;CMP 90HX;GA102;Jul 28th, 2021;PCIe 4.0 x16;10 GB, GDDR6X, 320 bit;1500 MHz;1188 MHz;6400 / 200 / 80
607;GeForce GT 1010;GP108;Jan 13th, 2021;PCIe 3.0 x4;2 GB, GDDR5, 64 bit;1228 MHz;1502 MHz;256 / 16 / 8
608;GeForce GT 1010 DDR4;GP108;Jan 13th, 2021;PCIe 3.0 x4;2 GB, DDR4, 64 bit;1152 MHz;1050 MHz;256 / 16 / 8
609;GeForce MX570;GA107S;Dec 17th, 2021;PCIe 4.0 x8;4 GB, GDDR6, 64 bit;1087 MHz;1500 MHz;2048 / 64 / 40
610;GeForce RTX 2050 Max-Q;GA107;Dec 17th, 2021;PCIe 3.0 x8;4 GB, GDDR6, 64 bit;832 MHz;1500 MHz;2048 / 64 / 32
611;GeForce RTX 2050 Mobile;GA107;Dec 17th, 2021;PCIe 3.0 x8;4 GB, GDDR6, 64 bit;735 MHz;1750 MHz;2048 / 64 / 32
612;GeForce RTX 2060 12 GB;TU106;Dec 7th, 2021;PCIe 3.0 x16;12 GB, GDDR6, 192 bit;1470 MHz;1750 MHz;2176 / 136 / 48
613;GeForce RTX 3050 Max-Q;GA107;May 11th, 2021;PCIe 4.0 x8;4 GB, GDDR6, 128 bit;712 MHz;1375 MHz;2048 / 64 / 32
614;GeForce RTX 3050 Mobile;GA107;May 11th, 2021;PCIe 4.0 x8;4 GB, GDDR6, 128 bit;1065 MHz;1500 MHz;2048 / 64 / 32
615;GeForce RTX 3050 Ti Mobile;GA106;May 11th, 2021;PCIe 4.0 x16;4 GB, GDDR6, 128 bit;735 MHz;1500 MHz;2560 / 80 / 48
616;GeForce RTX 3050 Ti Mobile;GA107;May 11th, 2021;PCIe 4.0 x8;4 GB, GDDR6, 128 bit;735 MHz;1500 MHz;2560 / 80 / 32
617;GeForce RTX 3060;GA106;Jan 12th, 2021;PCIe 4.0 x16;12 GB, GDDR6, 192 bit;1320 MHz;1875 MHz;3584 / 112 / 48
618;GeForce RTX 3060 12 GB GA104;GA104;Sep 1st, 2021;PCIe 4.0 x16;12 GB, GDDR6, 192 bit;1320 MHz;1875 MHz;3584 / 112 / 48
619;GeForce RTX 3060 Max-Q;GA106;Jan 12th, 2021;PCIe 4.0 x16;6 GB, GDDR6, 192 bit;817 MHz;1500 MHz;3840 / 120 / 48
620;GeForce RTX 3060 Mobile;GA106;Jan 12th, 2021;PCIe 4.0 x16;6 GB, GDDR6, 192 bit;900 MHz;1750 MHz;3840 / 120 / 48
621;GeForce RTX 3070 Max-Q;GA104;Jan 12th, 2021;PCIe 4.0 x16;8 GB, GDDR6, 256 bit;780 MHz;1500 MHz;5120 / 160 / 80
622;GeForce RTX 3070 Mobile;GA104;Jan 12th, 2021;PCIe 4.0 x16;8 GB, GDDR6, 256 bit;1110 MHz;1750 MHz;5120 / 160 / 80
623;GeForce RTX 3070 Ti;GA104;May 31st, 2021;PCIe 4.0 x16;8 GB, GDDR6X, 256 bit;1575 MHz;1188 MHz;6144 / 192 / 96
624;GeForce RTX 3080 Max-Q;GA104;Jan 12th, 2021;PCIe 4.0 x16;8 GB, GDDR6, 256 bit;780 MHz;1500 MHz;6144 / 192 / 96
625;GeForce RTX 3080 Mobile;GA104;Jan 12th, 2021;PCIe 4.0 x16;8 GB, GDDR6, 256 bit;1110 MHz;1750 MHz;6144 / 192 / 96
626;GeForce RTX 3080 Ti;GA102;May 31st, 2021;PCIe 4.0 x16;12 GB, GDDR6X, 384 bit;1365 MHz;1188 MHz;10240 / 320 / 112
627;PG506-207;GA100;Apr 12th, 2021;PCIe 4.0 x16;24 GB, HBM2, 3072 bit;930 MHz;1215 MHz;3584 / 224 / 96
628;PG506-217;GA100;Apr 12th, 2021;PCIe 4.0 x16;24 GB, HBM2, 3072 bit;930 MHz;1215 MHz;3584 / 224 / 96
629;PG506-232;GA100;Apr 12th, 2021;PCIe 4.0 x16;24 GB, HBM2, 3072 bit;930 MHz;1215 MHz;3584 / 224 / 96
630;PG506-242;GA100;Apr 12th, 2021;PCIe 4.0 x16;24 GB, HBM2, 3072 bit;930 MHz;1215 MHz;3584 / 224 / 96
631;Quadro T1200 Max-Q;TU117;Apr 12th, 2021;PCIe 3.0 x16;4 GB, GDDR6, 128 bit;855 MHz;1250 MHz;1024 / 64 / 32
632;Quadro T1200 Mobile;TU117;Apr 12th, 2021;PCIe 3.0 x16;4 GB, GDDR6, 128 bit;1515 MHz;1500 MHz;1024 / 64 / 32
633;RTX A2000;GA106;Aug 10th, 2021;PCIe 4.0 x16;6 GB, GDDR6, 192 bit;562 MHz;1500 MHz;3328 / 104 / 48
634;RTX A2000 12 GB;GA106;Nov 23rd, 2021;PCIe 4.0 x16;12 GB, GDDR6, 192 bit;562 MHz;1500 MHz;3328 / 104 / 48
635;RTX A2000 Max-Q;GA106;Apr 12th, 2021;PCIe 4.0 x16;4 GB, GDDR6, 128 bit;682 MHz;1375 MHz;2560 / 80 / 48
636;RTX A2000 Mobile;GA106;Apr 12th, 2021;PCIe 4.0 x16;4 GB, GDDR6, 128 bit;1215 MHz;1500 MHz;2560 / 80 / 48
637;RTX A3000 Mobile;GA104;Unknown;PCIe 4.0 x16;6 GB, GDDR6, 192 bit;600 MHz;1375 MHz;4096 / 128 / 64
638;RTX A3000 Mobile 12 GB;GA104;Unknown;PCIe 4.0 x16;12 GB, GDDR6, 192 bit;495 MHz;1750 MHz;4096 / 128 / 64
639;RTX A4 Mobile;GA107;2021;PCIe 4.0 x8;4 GB, GDDR6, 128 bit;1297 MHz;1750 MHz;2048 / 64 / 32
640;RTX A4000;GA104;Apr 12th, 2021;PCIe 4.0 x16;16 GB, GDDR6, 256 bit;735 MHz;1750 MHz;6144 / 192 / 96
641;RTX A4000 Max-Q;GA104;Apr 12th, 2021;PCIe 4.0 x16;8 GB, GDDR6, 256 bit;780 MHz;1375 MHz;5120 / 160 / 80
642;RTX A4000 Mobile;GA104;Apr 12th, 2021;PCIe 4.0 x16;8 GB, GDDR6, 256 bit;1140 MHz;1500 MHz;5120 / 160 / 80
643;RTX A4000H;GA104;Apr 12th, 2021;PCIe 4.0 x16;16 GB, GDDR6, 256 bit;735 MHz;1750 MHz;6144 / 192 / 96
644;RTX A4500;GA102;Nov 23rd, 2021;PCIe 4.0 x16;20 GB, GDDR6, 320 bit;1050 MHz;2000 MHz;7168 / 224 / 96
645;RTX A500;GA107;Nov 10th, 2021;PCIe 4.0 x8;4 GB, GDDR6, 64 bit;1440 MHz;1750 MHz;2048 / 64 / 32
646;RTX A5000;GA102;Apr 12th, 2021;PCIe 4.0 x16;24 GB, GDDR6, 384 bit;1170 MHz;2000 MHz;8192 / 256 / 96
647;RTX A5000 Max-Q;GA104;Unknown;PCIe 4.0 x16;16 GB, GDDR6, 256 bit;720 MHz;1500 MHz;6144 / 192 / 96
648;RTX A5000 Mobile;GA104;Unknown;PCIe 4.0 x16;16 GB, GDDR6, 256 bit;900 MHz;1750 MHz;6144 / 192 / 96
649;RTX A5000-12Q;GA102;Apr 12th, 2021;PCIe 4.0 x16;12 GB, GDDR6, 384 bit;1170 MHz;2000 MHz;8192 / 256 / 96
650;RTX A5000-8Q;GA102;Apr 12th, 2021;PCIe 4.0 x16;8 GB, GDDR6, 384 bit;1170 MHz;2000 MHz;8192 / 256 / 96
651;T1000;TU117;May 6th, 2021;PCIe 3.0 x16;4 GB, GDDR6, 128 bit;1065 MHz;1250 MHz;896 / 56 / 32
652;T1000 8 GB;TU117;May 6th, 2021;PCIe 3.0 x16;8 GB, GDDR6, 128 bit;1065 MHz;1250 MHz;896 / 56 / 32
653;T400;TU117;May 6th, 2021;PCIe 3.0 x16;2 GB, GDDR6, 64 bit;420 MHz;1250 MHz;384 / 24 / 16
654;T400 4 GB;TU117;May 6th, 2021;PCIe 3.0 x16;4 GB, GDDR6, 64 bit;420 MHz;1250 MHz;384 / 24 / 16
655;T600;TU117;Apr 12th, 2021;PCIe 3.0 x16;4 GB, GDDR6, 128 bit;735 MHz;1250 MHz;640 / 40 / 32
656;T600 Mobile;TU117;Apr 12th, 2021;PCIe 3.0 x16;4 GB, GDDR6, 128 bit;930 MHz;1250 MHz;896 / 56 / 32
657;Playstation 5 GPU;Oberon Plus;Sep 28th, 2022;IGP;16 GB, GDDR6, 256 bit;2233 MHz;1750 MHz;2304 / 144 / 64
658;Radeon 610M;Mendocino;Sep 20th, 2022;PCIe 4.0 x8;System Shared;1500 MHz;System Shared;128 / 8 / 4
659;Radeon 660M;Rembrandt;Jan 4th, 2022;PCIe 4.0 x8;System Shared;1500 MHz;System Shared;384 / 24 / 16
660;Radeon 680M;Rembrandt;Jan 4th, 2022;PCIe 4.0 x8;System Shared;2000 MHz;System Shared;768 / 48 / 32
661;Radeon Graphics 128SP;Raphael;Sep 27th, 2022;PCIe 4.0 x8;System Shared;400 MHz;System Shared;128 / 8 / 4
662;Radeon PRO W6300;Navi 24;Jan 19th, 2022;PCIe 4.0 x4;2 GB, GDDR6, 32 bit;1512 MHz;2000 MHz;768 / 48 / 32
663;Radeon PRO W6300M;Navi 24;Jan 19th, 2022;PCIe 4.0 x4;2 GB, GDDR6, 32 bit;1512 MHz;2000 MHz;768 / 48 / 32
664;Radeon PRO W6400;Navi 24;Jan 19th, 2022;PCIe 4.0 x4;4 GB, GDDR6, 64 bit;2039 MHz;2000 MHz;768 / 48 / 32
665;Radeon PRO W6500M;Navi 24;Never Released;PCIe 4.0 x4;4 GB, GDDR6, 64 bit;1512 MHz;2000 MHz;1024 / 64 / 32
666;Radeon RX 6300M;Navi 24;Never Released;PCIe 4.0 x4;2 GB, GDDR6, 32 bit;1000 MHz;2000 MHz;768 / 48 / 32
667;Radeon RX 6400;Navi 24;Jan 19th, 2022;PCIe 4.0 x4;4 GB, GDDR6, 64 bit;1923 MHz;2000 MHz;768 / 48 / 32
668;Radeon RX 6500 XT;Navi 24;Jan 19th, 2022;PCIe 4.0 x4;4 GB, GDDR6, 64 bit;2310 MHz;2248 MHz;1024 / 64 / 32
669;Radeon RX 6500M;Navi 24;Jan 4th, 2022;PCIe 4.0 x4;4 GB, GDDR6, 64 bit;2000 MHz;2250 MHz;1024 / 64 / 32
670;Radeon RX 6600S;Navi 23;Jan 4th, 2022;PCIe 4.0 x8;4 GB, GDDR6, 128 bit;1700 MHz;1750 MHz;1792 / 112 / 64
671;Radeon RX 6650 XT;Navi 23;May 10th, 2022;PCIe 4.0 x8;8 GB, GDDR6, 128 bit;2055 MHz;2190 MHz;2048 / 128 / 64
672;Radeon RX 6650M;Navi 23;Jan 4th, 2022;PCIe 4.0 x8;8 GB, GDDR6, 128 bit;2068 MHz;2000 MHz;1792 / 112 / 64
673;Radeon RX 6650M XT;Navi 23;Jan 4th, 2022;PCIe 4.0 x8;8 GB, GDDR6, 128 bit;2068 MHz;2000 MHz;2048 / 128 / 64
674;Radeon RX 6700S;Navi 23;Jan 4th, 2022;PCIe 4.0 x8;8 GB, GDDR6, 128 bit;1700 MHz;1750 MHz;1792 / 112 / 64
675;Radeon RX 6750 XT;Navi 22;Mar 3rd, 2022;PCIe 4.0 x16;12 GB, GDDR6, 192 bit;2150 MHz;2250 MHz;2560 / 160 / 64
676;Radeon RX 6800S;Navi 23;Jan 4th, 2022;PCIe 4.0 x8;8 GB, GDDR6, 128 bit;1800 MHz;2000 MHz;2048 / 128 / 64
677;Radeon RX 6850M XT;Navi 22;Jan 4th, 2022;PCIe 4.0 x16;12 GB, GDDR6, 192 bit;2321 MHz;2000 MHz;2560 / 160 / 64
678;Radeon RX 6950 XT;Navi 21;May 10th, 2022;PCIe 4.0 x16;16 GB, GDDR6, 256 bit;1860 MHz;2250 MHz;5120 / 320 / 128
679;Radeon RX 7900 XT;Navi 31;Nov 3rd, 2022;PCIe 4.0 x16;20 GB, GDDR6, 320 bit;1500 MHz;2500 MHz;5376 / 336 / 192
680;Radeon RX 7900 XTX;Navi 31;Nov 3rd, 2022;PCIe 4.0 x16;24 GB, GDDR6, 384 bit;1855 MHz;2500 MHz;6144 / 384 / 192
681;Radeon RX 7950 XT;Navi 31;Unknown;PCIe 4.0 x16;20 GB, GDDR6, 320 bit;1500 MHz;2500 MHz;5376 / 336 / 192
682;Radeon RX 7950 XTX;Navi 31;Unknown;PCIe 4.0 x16;24 GB, GDDR6, 384 bit;1900 MHz;2500 MHz;6144 / 384 / 192
683;Steam Deck GPU;Van Gogh;Feb 25th, 2022;IGP;16 GB, LPDDR5, 128 bit;1000 MHz;1375 MHz;512 / 32 / 16
684;Arc A310;DG2-128;2022;PCIe 4.0 x8;4 GB, GDDR6, 64 bit;2000 MHz;1937 MHz;768 / 32 / 16
685;Arc A350;DG2-128;2022;PCIe 4.0 x8;4 GB, GDDR6, 64 bit;2000 MHz;1937 MHz;768 / 48 / 24
686;Arc A350M;DG2-128;Mar 30th, 2022;PCIe 4.0 x8;4 GB, GDDR6, 64 bit;1150 MHz;1750 MHz;768 / 48 / 24
687;Arc A370M;DG2-128;Mar 30th, 2022;PCIe 4.0 x8;4 GB, GDDR6, 64 bit;1550 MHz;1750 MHz;1024 / 64 / 32
688;Arc A380;DG2-128;Jun 14th, 2022;PCIe 4.0 x8;6 GB, GDDR6, 96 bit;2000 MHz;1937 MHz;1024 / 64 / 32
689;Arc A550M;DG2-512;2022;PCIe 4.0 x16;8 GB, GDDR6, 128 bit;900 MHz;1750 MHz;2048 / 128 / 64
690;Arc A580;DG2-512;2022;PCIe 4.0 x16;8 GB, GDDR6, 256 bit;1700 MHz;2000 MHz;3072 / 192 / 96
691;Arc A730M;DG2-512;2022;PCIe 4.0 x16;12 GB, GDDR6, 192 bit;1100 MHz;1750 MHz;3072 / 192 / 96
692;Arc A750;DG2-512;Oct 12th, 2022;PCIe 4.0 x16;8 GB, GDDR6, 256 bit;2050 MHz;2000 MHz;3584 / 224 / 112
693;Arc A770;DG2-512;Oct 12th, 2022;PCIe 4.0 x16;16 GB, GDDR6, 256 bit;2100 MHz;2000 MHz;4096 / 256 / 128
694;Arc A770M;DG2-512;2022;PCIe 4.0 x16;16 GB, GDDR6, 256 bit;1650 MHz;2000 MHz;4096 / 256 / 128
695;Arc A780;DG2-512;2022;PCIe 4.0 x16;16 GB, GDDR6X, 256 bit;2200 MHz;1093 MHz;4096 / 256 / 128
696;Arc Pro A30M;DG2-128;Aug 8th, 2022;PCIe 4.0 x8;4 GB, GDDR6, 64 bit;1500 MHz;2000 MHz;1024 / 64 / 32
697;Arc Pro A40;DG2-128;Aug 8th, 2022;PCIe 4.0 x8;6 GB, GDDR6, 96 bit;1500 MHz;2000 MHz;1024 / 64 / 32
698;Arc Pro A50;DG2-128;Aug 8th, 2022;PCIe 4.0 x8;6 GB, GDDR6, 96 bit;2000 MHz;2000 MHz;1024 / 64 / 32
699;Arctic Sound-M;Arctic Sound;2022;PCIe 4.0 x16;16 GB, HBM2e, 4096 bit;900 MHz;1200 MHz;8192 / 256 / 128
700;Iris Xe Graphics 80EU;Alder Lake GT1;Jan 4th, 2022;Ring Bus;System Shared;300 MHz;System Shared;640 / 40 / 20
701;Iris Xe Graphics 96EU;Alder Lake GT1;Jan 4th, 2022;Ring Bus;System Shared;300 MHz;System Shared;768 / 48 / 24
702;UHD Graphics 48EU;Alder Lake GT1;Jan 4th, 2022;Ring Bus;System Shared;300 MHz;System Shared;384 / 24 / 12
703;UHD Graphics 64EU;Alder Lake GT1;Jan 4th, 2022;Ring Bus;System Shared;300 MHz;System Shared;512 / 32 / 16
704;UHD Graphics 710;Alder Lake GT1;Jan 4th, 2022;Ring Bus;System Shared;300 MHz;System Shared;128 / 8 / 8
705;UHD Graphics 730;Alder Lake GT1;Jan 4th, 2022;Ring Bus;System Shared;300 MHz;System Shared;192 / 12 / 8
706;UHD Graphics 770;Raptor Lake GT1;Sep 27th, 2022;Ring Bus;System Shared;300 MHz;System Shared;256 / 16 / 8
707;A800 PCIe 40 GB;GA100;Nov 8th, 2022;PCIe 4.0 x16;40 GB, HBM2e, 5120 bit;765 MHz;1215 MHz;6912 / 432 / 160
708;A800 PCIe 80 GB;GA100;Nov 8th, 2022;PCIe 4.0 x16;80 GB, HBM2e, 5120 bit;1065 MHz;1512 MHz;6912 / 432 / 160
709;A800 SXM4 80 GB;GA100;Aug 11th, 2022;PCIe 4.0 x16;80 GB, HBM2e, 5120 bit;1275 MHz;1593 MHz;6912 / 432 / 160
710;GeForce GTX 1630;TU117;Jun 28th, 2022;PCIe 3.0 x8;4 GB, GDDR6, 64 bit;1740 MHz;1500 MHz;512 / 32 / 16
711;GeForce MX550;TU117;2022;PCIe 4.0 x8;2 GB, GDDR6, 64 bit;1065 MHz;1500 MHz;1024 / 32 / 16
712;GeForce MX570;GA107;May 2022;PCIe 4.0 x8;2 GB, GDDR6, 64 bit;832 MHz;1500 MHz;2048 / 64 / 40
713;GeForce MX570 A;GA107;May 2022;PCIe 4.0 x8;2 GB, GDDR6, 64 bit;832 MHz;1500 MHz;2048 / 64 / 40
714;GeForce RTX 3050 4 GB;GA107;2022;PCIe 4.0 x8;4 GB, GDDR6, 128 bit;1545 MHz;1750 MHz;2304 / 72 / 32
715;GeForce RTX 3050 8 GB;GA106;Jan 4th, 2022;PCIe 4.0 x8;8 GB, GDDR6, 128 bit;1552 MHz;1750 MHz;2560 / 80 / 32
716;GeForce RTX 3050 8 GB GA107;GA107;Dec 16th, 2022;PCIe 4.0 x8;8 GB, GDDR6, 128 bit;1552 MHz;1750 MHz;2560 / 80 / 32
717;GeForce RTX 3050 Max-Q Refresh;GA107;Jul 6th, 2022;PCIe 4.0 x8;6 GB, GDDR6, 96 bit;622 MHz;1500 MHz;2048 / 64 / 32
718;GeForce RTX 3050 Mobile Refresh;GA107;Jul 6th, 2022;PCIe 4.0 x8;6 GB, GDDR6, 96 bit;1237 MHz;1500 MHz;2048 / 64 / 32
719;GeForce RTX 3050 OEM;GA106;Jan 4th, 2022;PCIe 4.0 x8;8 GB, GDDR6, 128 bit;1515 MHz;1750 MHz;2304 / 72 / 32
720;GeForce RTX 3060 8 GB;GA106;Oct 12th, 2022;PCIe 4.0 x16;8 GB, GDDR6, 128 bit;1320 MHz;1875 MHz;3584 / 112 / 48
721;GeForce RTX 3060 Ti GA103;GA103;Feb 23rd, 2022;PCIe 4.0 x16;8 GB, GDDR6, 256 bit;1410 MHz;1750 MHz;4864 / 152 / 80
722;GeForce RTX 3060 Ti GDDR6X;GA104;Oct 19th, 2022;PCIe 4.0 x16;8 GB, GDDR6X, 256 bit;1410 MHz;1188 MHz;4864 / 152 / 80
723;GeForce RTX 3070 Ti 16 GB;GA104;Never Released;PCIe 4.0 x16;16 GB, GDDR6X, 256 bit;1575 MHz;1188 MHz;6144 / 192 / 96
724;GeForce RTX 3070 Ti 8 GB GA102;GA102;Oct 21st, 2022;PCIe 4.0 x16;8 GB, GDDR6X, 256 bit;1575 MHz;1188 MHz;6144 / 192 / 96
725;GeForce RTX 3070 Ti Max-Q;GA104;Jan 4th, 2022;PCIe 4.0 x16;8 GB, GDDR6, 256 bit;510 MHz;1500 MHz;5888 / 184 / 96
726;GeForce RTX 3070 Ti Mobile;GA104;Jan 4th, 2022;PCIe 4.0 x16;8 GB, GDDR6, 256 bit;915 MHz;1750 MHz;5888 / 184 / 96
727;GeForce RTX 3070 TiM;GA104;Nov 2022;PCIe 4.0 x16;8 GB, GDDR6, 256 bit;915 MHz;1750 MHz;5888 / 184 / 96
728;GeForce RTX 3080 12 GB;GA102;Jan 11th, 2022;PCIe 4.0 x16;12 GB, GDDR6X, 384 bit;1260 MHz;1188 MHz;8960 / 280 / 96
729;GeForce RTX 3080 Ti 20 GB;GA102;Jan 2022;PCIe 4.0 x16;20 GB, GDDR6X, 320 bit;1335 MHz;1188 MHz;10240 / 320 / 112
730;GeForce RTX 3080 Ti Max-Q;GA103;Jan 25th, 2022;PCIe 4.0 x16;16 GB, GDDR6, 256 bit;585 MHz;1500 MHz;7424 / 232 / 96
731;GeForce RTX 3080 Ti Mobile;GA103;Jan 25th, 2022;PCIe 4.0 x16;16 GB, GDDR6, 256 bit;810 MHz;2000 MHz;7424 / 232 / 96
732;GeForce RTX 3090 Ti;GA102;Jan 27th, 2022;PCIe 4.0 x16;24 GB, GDDR6X, 384 bit;1560 MHz;1313 MHz;10752 / 336 / 112
733;GeForce RTX 4080;AD103;Sep 20th, 2022;PCIe 4.0 x16;16 GB, GDDR6X, 256 bit;2205 MHz;1400 MHz;9728 / 304 / 112
734;GeForce RTX 4080 12 GB;AD104;Never Released;PCIe 4.0 x16;12 GB, GDDR6X, 192 bit;2310 MHz;1313 MHz;7680 / 240 / 80
735;GeForce RTX 4090;AD102;Sep 20th, 2022;PCIe 4.0 x16;24 GB, GDDR6X, 384 bit;2235 MHz;1313 MHz;16384 / 512 / 176
736;H100 PCIe;GH100;Mar 22nd, 2022;PCIe 5.0 x16;80 GB, HBM2e, 5120 bit;1125 MHz;1000 MHz;7296 / 456 / 24
737;H100 SXM5;GH100;Mar 22nd, 2022;PCIe 5.0 x16;80 GB, HBM3, 5120 bit;1095 MHz;1500 MHz;8448 / 528 / 24
738;H100 SXM5 96 GB;GH100;Mar 22nd, 2022;PCIe 5.0 x16;96 GB, HBM3, 5120 bit;1665 MHz;1500 MHz;8448 / 528 / 24
739;H800 SXM5;GH100;Mar 22nd, 2022;PCIe 5.0 x16;80 GB, HBM3, 5120 bit;1095 MHz;1500 MHz;8448 / 528 / 24
740;L40;AD102;Oct 13th, 2022;PCIe 4.0 x16;48 GB, GDDR6, 384 bit;735 MHz;2250 MHz;18176 / 568 / 192
741;L40 CNX;AD102;Oct 13th, 2022;PCIe 4.0 x16;24 GB, GDDR6, 384 bit;1005 MHz;2250 MHz;18176 / 568 / 192
742;L40G;AD102;Oct 13th, 2022;PCIe 4.0 x16;24 GB, GDDR6, 384 bit;1005 MHz;2250 MHz;18176 / 568 / 192
743;RTX 6000 Ada;AD102;Dec 3rd, 2022;PCIe 4.0 x16;48 GB, GDDR6, 384 bit;2175 MHz;2000 MHz;18176 / 568 / 192
744;RTX A1000 Embedded;GA107S;2022;PCIe 4.0 x16;4 GB, GDDR6, 128 bit;1192 MHz;1750 MHz;2048 / 64 / 48
745;RTX A1000 Mobile;GA107;Unknown;PCIe 4.0 x16;4 GB, GDDR6, 128 bit;630 MHz;1375 MHz;2048 / 64 / 48
746;RTX A2000 Embedded;GA107S;Unknown;PCIe 4.0 x16;8 GB, GDDR6, 128 bit;1117 MHz;1500 MHz;2560 / 80 / 48
747;RTX A3000 Mobile 12 GB;GA104;Mar 22nd, 2022;PCIe 4.0 x16;12 GB, GDDR6, 192 bit;855 MHz;1750 MHz;4096 / 128 / 64
748;RTX A4500 Embedded;GA104;2022;PCIe 4.0 x16;16 GB, GDDR6, 256 bit;930 MHz;2000 MHz;5888 / 184 / 80
749;RTX A4500 Max-Q;GA104;Mar 22nd, 2022;PCIe 4.0 x16;16 GB, GDDR6, 256 bit;510 MHz;1750 MHz;5888 / 184 / 96
750;RTX A4500 Mobile;GA104;Mar 22nd, 2022;PCIe 4.0 x16;16 GB, GDDR6, 256 bit;930 MHz;2000 MHz;5888 / 184 / 96
751;RTX A500 Embedded;GA107S;Unknown;PCIe 4.0 x16;2 GB, GDDR6, 64 bit;435 MHz;1375 MHz;2048 / 64 / 48
752;RTX A500 Mobile;GA107S;Mar 22nd, 2022;PCIe 4.0 x16;4 GB, GDDR6, 64 bit;832 MHz;1500 MHz;2048 / 64 / 48
753;RTX A5500;GA102;Mar 22nd, 2022;PCIe 4.0 x16;24 GB, GDDR6, 384 bit;1080 MHz;2000 MHz;10240 / 320 / 96
754;RTX A5500 Max-Q;GA103;Mar 22nd, 2022;PCIe 4.0 x16;16 GB, GDDR6, 256 bit;585 MHz;1750 MHz;7424 / 232 / 96
755;RTX A5500 Mobile;GA103;Mar 22nd, 2022;PCIe 4.0 x16;16 GB, GDDR6, 256 bit;975 MHz;2000 MHz;7424 / 232 / 96
756;T550 Mobile;TU117;May 2022;PCIe 3.0 x16;4 GB, GDDR6, 64 bit;1065 MHz;1500 MHz;1024 / 64 / 32
757;Tesla T10;TU102;Unknown;PCIe 3.0 x16;24 GB, GDDR6, 384 bit;1305 MHz;1625 MHz;4608 / 288 / 96
758;Radeon 610M;Dragon Range;Jan 3rd, 2023;PCIe 4.0 x8;System Shared;400 MHz;System Shared;128 / 8 / 4
759;Radeon 760M;Phoenix;Jan 4th, 2023;PCIe 4.0 x8;System Shared;1500 MHz;System Shared;384 / 24 / 16
760;Radeon 780M;Phoenix;Jan 4th, 2023;PCIe 4.0 x8;System Shared;1500 MHz;System Shared;768 / 48 / 32
761;Radeon Instinct MI300;CDNA3;Jan 4th, 2023;PCIe 4.0 x16;128 GB, HBM3, 8192 bit;1000 MHz;1600 MHz;14080 / 880 / 0
762;Radeon RX 6450M;Navi 24;Jan 4th, 2023;PCIe 4.0 x4;4 GB, GDDR6, 64 bit;2000 MHz;2000 MHz;768 / 48 / 32
763;Radeon RX 6550M;Navi 24;Jan 4th, 2023;PCIe 4.0 x4;4 GB, GDDR6, 64 bit;2000 MHz;2250 MHz;1024 / 64 / 32
764;Radeon RX 6550S;Navi 24;Jan 4th, 2023;PCIe 4.0 x4;4 GB, GDDR6, 64 bit;2000 MHz;2000 MHz;1024 / 64 / 32
765;Radeon RX 7600M;Navi 33;Jan 4th, 2023;PCIe 4.0 x16;8 GB, GDDR6, 128 bit;1500 MHz;2000 MHz;1792 / 112 / 64
766;Radeon RX 7600M XT;Navi 33;Jan 4th, 2023;PCIe 4.0 x16;8 GB, GDDR6, 128 bit;1500 MHz;2250 MHz;2048 / 128 / 64
767;Radeon RX 7600S;Navi 33;Jan 4th, 2023;PCIe 4.0 x16;8 GB, GDDR6, 128 bit;1500 MHz;2000 MHz;1792 / 112 / 64
768;Radeon RX 7700 XT;Navi 33;2023;PCIe 4.0 x16;8 GB, GDDR6, 128 bit;1900 MHz;2250 MHz;2048 / 128 / 64
769;Radeon RX 7700S;Navi 33;Jan 4th, 2023;PCIe 4.0 x16;8 GB, GDDR6, 128 bit;1500 MHz;2250 MHz;2048 / 128 / 64
770;Radeon RX 7800 XT;Navi 32;2023;PCIe 4.0 x16;12 GB, GDDR6, 192 bit;1800 MHz;2250 MHz;3840 / 240 / 128
771;Radeon RX 7990 XTX;Navi 31;2023;PCIe 4.0 x16;24 GB, GDDR6, 384 bit;2500 MHz;3000 MHz;6144 / 384 / 192
772;GeForce RTX 4050;AD106;2023;PCIe 4.0 x8;8 GB, GDDR6, 128 bit;2505 MHz;2250 MHz;2560 / 80 / 32
773;GeForce RTX 4050 Max-Q;AD107;Unknown;PCIe 4.0 x16;6 GB, GDDR6, 96 bit;1140 MHz;1750 MHz;2560 / 80 / 32
774;GeForce RTX 4050 Mobile;AD107;Unknown;PCIe 4.0 x16;6 GB, GDDR6, 96 bit;1455 MHz;2000 MHz;2560 / 80 / 32
775;GeForce RTX 4060;AD106;2023;PCIe 4.0 x16;8 GB, GDDR6, 128 bit;2505 MHz;2250 MHz;3840 / 120 / 48
776;GeForce RTX 4060 Max-Q;AD107;Unknown;PCIe 4.0 x16;8 GB, GDDR6, 128 bit;1140 MHz;1750 MHz;3072 / 96 / 32
777;GeForce RTX 4060 Mobile;AD107;Unknown;PCIe 4.0 x16;8 GB, GDDR6, 128 bit;1545 MHz;2000 MHz;3072 / 96 / 32
778;GeForce RTX 4060 Ti;AD106;2023;PCIe 4.0 x16;8 GB, GDDR6, 128 bit;2190 MHz;2250 MHz;4352 / 128 / 64
779;GeForce RTX 4070;AD104;2023;PCIe 4.0 x16;12 GB, GDDR6X, 192 bit;2310 MHz;1313 MHz;5888 / 184 / 64
780;GeForce RTX 4070 Max-Q;AD106;Unknown;PCIe 4.0 x16;8 GB, GDDR6, 128 bit;735 MHz;1750 MHz;4608 / 144 / 48
781;GeForce RTX 4070 Mobile;AD106;Unknown;PCIe 4.0 x16;8 GB, GDDR6, 128 bit;1395 MHz;2000 MHz;4608 / 144 / 48
782;GeForce RTX 4070 Ti;AD104;Jan 3rd, 2023;PCIe 4.0 x16;12 GB, GDDR6X, 192 bit;2310 MHz;1313 MHz;7680 / 240 / 80
783;GeForce RTX 4080 Max-Q;AD104;Unknown;PCIe 4.0 x16;12 GB, GDDR6, 192 bit;795 MHz;1750 MHz;7424 / 232 / 80
784;GeForce RTX 4080 Mobile;AD104;Unknown;PCIe 4.0 x16;12 GB, GDDR6, 192 bit;1290 MHz;2000 MHz;7424 / 232 / 80
785;GeForce RTX 4080 Ti;AD102;2023;PCIe 4.0 x16;20 GB, GDDR6X, 320 bit;2100 MHz;1325 MHz;14080 / 440 / 144
786;GeForce RTX 4090 Max-Q;AD103;Unknown;PCIe 4.0 x16;16 GB, GDDR6, 256 bit;930 MHz;1750 MHz;9728 / 304 / 112
787;GeForce RTX 4090 Mobile;AD103;Unknown;PCIe 4.0 x16;16 GB, GDDR6, 256 bit;1335 MHz;2000 MHz;9728 / 304 / 112
788;GeForce RTX 4090 Ti;AD102;2023;PCIe 4.0 x16;48 GB, GDDR6X, 384 bit;2355 MHz;1500 MHz;18176 / 568 / 192
789;RTX TITAN Ada;AD102;2023;PCIe 4.0 x16;48 GB, GDDR6X, 384 bit;2235 MHz;1500 MHz;18432 / 576 / 192
0;All-In-Wonder 9000 PRO;RV250;Mar 31st, 2003;AGP 8x;64 MB, DDR, 128 bit;275 MHz;270 MHz;4 / 1 / 4 / 4
1;All-In-Wonder 9600;RV350;Dec 3rd, 2003;AGP 8x;128 MB, DDR, 128 bit;324 MHz;196 MHz;4 / 2 / 4 / 4
2;All-In-Wonder 9600 PRO;RV350;Apr 1st, 2003;AGP 8x;128 MB, DDR, 128 bit;398 MHz;324 MHz;4 / 2 / 4 / 4
3;All-In-Wonder 9800 PRO;R350;Jun 16th, 2003;AGP 8x;128 MB, DDR, 256 bit;378 MHz;338 MHz;8 / 4 / 8 / 8
4;All-In-Wonder 9800 SE;R350;Sep 10th, 2003;AGP 8x;128 MB, DDR, 128 bit;378 MHz;297 MHz;4 / 4 / 4 / 8
5;FireGL 9600 T2-128;RV350;Oct 1st, 2003;AGP 8x;128 MB, DDR, 128 bit;398 MHz;297 MHz;4 / 2 / 4 / 4
6;FireGL 9600 T2-64S;RV350;Oct 1st, 2003;AGP 8x;64 MB, DDR, 128 bit;324 MHz;203 MHz;4 / 2 / 4 / 4
7;FireGL 9800 X2-256;R360;Mar 1st, 2003;AGP 8x;256 MB, DDR2, 256 bit;380 MHz;350 MHz;8 / 4 / 8 / 8
8;Mobility FireGL T2;M10;Nov 1st, 2003;AGP 4x;128 MB, DDR, 128 bit;320 MHz;200 MHz;4 / 2 / 4 / 4
9;Mobility Radeon;M6;2003;AGP 4x;16 MB, DDR, 64 bit;144 MHz;144 MHz;1 / 0 / 3 / 1
10;Mobility Radeon;M6;2003;AGP 4x;16 MB, DDR, 64 bit;144 MHz;144 MHz;1 / 0 / 3 / 1
11;Mobility Radeon 9000 IGP;RC300;May 1st, 2003;AGP 4x;System Shared;300 MHz;System Shared;2 / 1 / 2 / 2
12;Mobility Radeon 9000 IGP;RS350;May 1st, 2003;AGP 4x;System Shared;222 MHz;System Shared;2 / 0 / 2 / 2
13;Mobility Radeon 9000 IGP;RS300;May 1st, 2003;AGP 8x;System Shared;300 MHz;System Shared;2 / 1 / 2 / 2
14;Mobility Radeon 9100 IGP;RS300;Jun 23rd, 2003;AGP 4x;System Shared;300 MHz;System Shared;2 / 1 / 2 / 2
15;Mobility Radeon 9100 PRO IGP;RS350;Jun 23rd, 2003;AGP 4x;System Shared;300 MHz;System Shared;2 / 0 / 2 / 2
16;Mobility Radeon 9200;M9;Mar 1st, 2003;AGP 4x;32 MB, DDR, 64 bit;250 MHz;200 MHz;4 / 1 / 4 / 4
17;Radeon 9100 PCI;R200;Apr 1st, 2003;PCI;64 MB, DDR, 128 bit;250 MHz;250 MHz;4 / 2 / 8 / 4
18;Radeon 9200;RV280;May 1st, 2003;AGP 8x;128 MB, DDR, 128 bit;250 MHz;200 MHz;4 / 1 / 4 / 4
19;Radeon 9200 LE;RV280;May 1st, 2003;AGP 8x;64 MB, DDR, 128 bit;250 MHz;200 MHz;4 / 1 / 4 / 4
20;Radeon 9200 PCI;RV280;May 1st, 2003;PCI;128 MB, DDR, 128 bit;250 MHz;200 MHz;4 / 1 / 4 / 4
21;Radeon 9200 PRO;RV280;May 1st, 2003;AGP 8x;128 MB, DDR, 128 bit;240 MHz;166 MHz;4 / 1 / 4 / 4
22;Radeon 9200 SE;RV280;Mar 1st, 2003;AGP 8x;64 MB, DDR, 64 bit;200 MHz;166 MHz;4 / 1 / 4 / 4
23;Radeon 9200 SE PCI;RV280;Mar 1st, 2003;PCI;64 MB, DDR, 64 bit;200 MHz;166 MHz;4 / 1 / 4 / 4
24;Radeon 9550;RV350;Oct 1st, 2003;AGP 8x;64 MB, DDR, 128 bit;250 MHz;200 MHz;4 / 2 / 4 / 4
25;Radeon 9600;RV350;Oct 1st, 2003;AGP 8x;64 MB, DDR, 128 bit;324 MHz;189 MHz;4 / 2 / 4 / 4
26;Radeon 9600 PRO;RV350;Oct 1st, 2003;AGP 8x;128 MB, DDR, 128 bit;400 MHz;300 MHz;4 / 2 / 4 / 4
27;Radeon 9600 SE;RV350;Oct 1st, 2003;AGP 8x;64 MB, DDR, 64 bit;325 MHz;200 MHz;4 / 2 / 4 / 4
28;Radeon 9600 TX;R300;Oct 7th, 2003;AGP 8x;128 MB, DDR, 128 bit;297 MHz;270 MHz;8 / 4 / 8 / 8
29;Radeon 9600 XT;RV360;Oct 1st, 2003;AGP 8x;128 MB, DDR, 128 bit;500 MHz;300 MHz;4 / 2 / 4 / 4
30;Radeon 9800;R350;Mar 1st, 2003;AGP 8x;128 MB, DDR, 256 bit;325 MHz;290 MHz;8 / 4 / 8 / 8
31;Radeon 9800 PRO;R360;Oct 1st, 2003;AGP 8x;256 MB, DDR, 256 bit;380 MHz;340 MHz;8 / 4 / 8 / 8
32;Radeon 9800 PRO;R350;Mar 1st, 2003;AGP 8x;128 MB, DDR2, 256 bit;380 MHz;340 MHz;8 / 4 / 8 / 8
33;Radeon 9800 SE;R350;Mar 1st, 2003;AGP 8x;128 MB, DDR, 128 bit;331 MHz;290 MHz;4 / 4 / 4 / 4
34;Radeon 9800 SE;R350;Mar 1st, 2003;AGP 8x;128 MB, DDR, 256 bit;378 MHz;297 MHz;4 / 4 / 4 / 4
35;Radeon 9800 XXL;R360;Oct 1st, 2003;AGP 8x;128 MB, DDR, 256 bit;390 MHz;338 MHz;8 / 4 / 8 / 8
36;Extreme Graphics 2;Montara;Dec 3rd, 2003;FSB;System Shared;200 MHz;System Shared;2 / 0 / 1 / 1
37;Extreme Graphics 2;Springdale;Dec 3rd, 2003;FSB;System Shared;200 MHz;System Shared;2 / 0 / 2 / 1
38;i852GM Graphics;Montara;Dec 3rd, 2003;FSB;System Shared;200 MHz;System Shared;2 / 0 / 1 / 1
39;Millenium P650;Parhelia-LX;May 10th, 2003;AGP 8x;64 MB, DDR, 128 bit;230 MHz;230 MHz;2 / 2 / 8 / 2
40;Millenium P750;Parhelia-LX;May 10th, 2003;AGP 8x;128 MB, DDR, 128 bit;250 MHz;250 MHz;2 / 2 / 8 / 2
41;Parhelia HR256;Parhelia-512;Sep 2003;PCI-X;256 MB, DDR, 64 bit;200 MHz;250 MHz;4 / 4 / 16 / 4
42;GeForce 6200 AGP;NV18C;Dec 14th, 2003;AGP 8x;128 MB, DDR, 64 bit;230 MHz;66 MHz;2 / 0 / 4 / 2
43;GeForce FX 5100;NV34;Mar 6th, 2003;AGP 8x;64 MB, DDR, 64 bit;200 MHz;166 MHz;4 / 2 / 4 / 4
44;GeForce FX 5200;NV34;Mar 6th, 2003;AGP 8x;128 MB, DDR, 128 bit;250 MHz;200 MHz;4 / 2 / 4 / 4
45;GeForce FX 5200;NV18C;Mar 6th, 2003;AGP 8x;128 MB, DDR, 128 bit;250 MHz;200 MHz;2 / 0 / 4 / 2
46;GeForce FX 5200 LE;NV34;Mar 17th, 2003;AGP 8x;128 MB, DDR, 64 bit;250 MHz;166 MHz;4 / 2 / 4 / 4
47;GeForce FX 5200 PCI;NV34B;Mar 6th, 2003;PCI;256 MB, DDR, 128 bit;250 MHz;200 MHz;4 / 2 / 4 / 4
48;GeForce FX 5200 Rev. 2;NV34B;Mar 6th, 2003;AGP 8x;128 MB, DDR, 64 bit;250 MHz;200 MHz;4 / 2 / 4 / 4
49;GeForce FX 5200 Ultra;NV34;Mar 6th, 2003;AGP 8x;128 MB, DDR, 128 bit;325 MHz;325 MHz;4 / 2 / 4 / 4
50;GeForce FX 5200 Ultra Mac Edition;NV34;Mar 6th, 2003;AGP Pro 8x;128 MB, DDR, 128 bit;325 MHz;325 MHz;4 / 2 / 4 / 4
51;GeForce FX 5600;NV31;Mar 6th, 2003;AGP 8x;128 MB, DDR, 128 bit;325 MHz;250 MHz;4 / 2 / 4 / 4
52;GeForce FX 5600 Ultra;NV31;Mar 17th, 2003;AGP 8x;128 MB, DDR, 128 bit;400 MHz;400 MHz;4 / 2 / 4 / 4
53;GeForce FX 5600 XT;NV31;Mar 17th, 2003;AGP 8x;128 MB, DDR, 128 bit;235 MHz;200 MHz;4 / 2 / 4 / 4
54;GeForce FX 5600 XT PCI;NV31;Mar 17th, 2003;PCI;64 MB, DDR, 128 bit;235 MHz;200 MHz;4 / 2 / 4 / 4
55;GeForce FX 5700;NV36;Oct 23rd, 2003;AGP 8x;128 MB, DDR, 128 bit;425 MHz;250 MHz;4 / 3 / 4 / 4
56;GeForce FX 5700 Ultra;NV36B;Oct 23rd, 2003;AGP 8x;128 MB, GDDR2, 128 bit;475 MHz;453 MHz;4 / 3 / 4 / 4
57;GeForce FX 5800;NV30;Mar 6th, 2003;AGP 8x;128 MB, GDDR2, 128 bit;400 MHz;400 MHz;4 / 3 / 8 / 4
58;GeForce FX 5800 Ultra;NV30;Mar 6th, 2003;AGP 8x;128 MB, GDDR2, 128 bit;500 MHz;500 MHz;4 / 3 / 8 / 4
59;GeForce FX 5900;NV35;May 12th, 2003;AGP 8x;128 MB, DDR, 256 bit;400 MHz;425 MHz;4 / 3 / 8 / 4
60;GeForce FX 5900 Ultra;NV35;Oct 23rd, 2003;AGP 8x;256 MB, DDR, 256 bit;450 MHz;425 MHz;4 / 3 / 8 / 4
61;GeForce FX 5900 XT;NV35;May 12th, 2003;AGP 8x;128 MB, DDR, 256 bit;400 MHz;350 MHz;4 / 3 / 8 / 4
62;GeForce FX 5900 ZT;NV35;May 12th, 2003;AGP 8x;128 MB, DDR, 256 bit;325 MHz;350 MHz;4 / 3 / 8 / 4
63;GeForce FX 5950 Ultra;NV38;Oct 23rd, 2003;AGP 8x;256 MB, DDR, 256 bit;475 MHz;475 MHz;4 / 3 / 8 / 4
64;GeForce FX Go5100;NV34;Mar 1st, 2003;AGP 8x;32 MB, DDR, 64 bit;200 MHz;200 MHz;4 / 2 / 4 / 4
65;GeForce FX Go5200;NV34;Mar 1st, 2003;AGP 8x;32 MB, DDR, 128 bit;200 MHz;200 MHz;4 / 2 / 4 / 4
66;GeForce FX Go5200 64M;NV34B;Mar 1st, 2003;AGP 8x;64 MB, DDR, 128 bit;250 MHz;250 MHz;4 / 2 / 4 / 4
67;GeForce FX Go5200 NPB 32M;NV34B;Mar 1st, 2003;AGP 8x;32 MB, DDR, 64 bit;200 MHz;200 MHz;4 / 2 / 4 / 4
68;GeForce FX Go5250;NV34;Mar 1st, 2003;AGP 8x;64 MB, DDR, 128 bit;250 MHz;250 MHz;4 / 2 / 4 / 4
69;GeForce FX Go5300;NV34;Mar 1st, 2003;AGP 8x;64 MB, DDR, 128 bit;275 MHz;250 MHz;4 / 2 / 4 / 4
70;GeForce FX Go5350;NV34;Mar 1st, 2003;AGP 8x;64 MB, DDR, 128 bit;275 MHz;275 MHz;4 / 2 / 4 / 4
71;GeForce FX Go5600;NV31;Mar 1st, 2003;AGP 8x;128 MB, DDR, 128 bit;275 MHz;250 MHz;4 / 2 / 4 / 4
72;GeForce FX Go5650;NV31;Mar 1st, 2003;AGP 8x;128 MB, DDR, 128 bit;325 MHz;295 MHz;4 / 2 / 4 / 4
73;GeForce PCX 5900;NV35;Mar 17th, 2003;PCIe 1.0 x16;128 MB, DDR, 256 bit;350 MHz;275 MHz;4 / 3 / 8 / 4
74;GeForce4 MX 4000;NV18;Dec 14th, 2003;AGP 8x;128 MB, DDR, 64 bit;250 MHz;166 MHz;2 / 0 / 4 / 2
75;GeForce4 MX 4000 PCI;NV18C;Dec 14th, 2003;PCI;128 MB, DDR, 64 bit;250 MHz;166 MHz;2 / 0 / 4 / 2
76;GeForce4 MX 4000 Rev. 2;NV18C;Dec 14th, 2003;AGP 8x;128 MB, DDR, 64 bit;250 MHz;166 MHz;2 / 0 / 4 / 2
77;GeForce4 Ti 4800;NV28;Mar 15th, 2003;AGP 8x;128 MB, DDR, 128 bit;300 MHz;325 MHz;4 / 2 / 8 / 4
78;GeForce4 Ti 4800;NV28;Mar 15th, 2003;AGP 8x;128 MB, DDR, 128 bit;300 MHz;325 MHz;4 / 2 / 8 / 4
79;Quadro FX 3000;NV35;Jul 22nd, 2003;AGP 8x;256 MB, DDR, 256 bit;400 MHz;425 MHz;4 / 3 / 8 / 4
80;Quadro FX 3000G;NV35;Jul 22nd, 2003;AGP 8x;256 MB, DDR, 256 bit;400 MHz;425 MHz;4 / 3 / 8 / 4
81;Quadro FX 500;NV34;May 21st, 2003;AGP 8x;128 MB, DDR, 128 bit;270 MHz;240 MHz;4 / 2 / 4 / 4
82;Quadro FX Go700;NV31;Jun 25th, 2003;AGP 4x;128 MB, DDR, 128 bit;295 MHz;295 MHz;4 / 2 / 4 / 4
83;Quadro NVS 210S;C51;Dec 22nd, 2003;PCI;System Shared;425 MHz;System Shared;2 / 1 / 2 / 1
84;Quadro NVS 280 PCI;NV34B;Oct 28th, 2003;PCI;64 MB, DDR, 64 bit;275 MHz;250 MHz;4 / 2 / 4 / 4
85;Quadro4 100 NVS;NV17;Dec 22nd, 2003;AGP 4x;64 MB, DDR, 128 bit;250 MHz;166 MHz;2 / 0 / 4 / 2
86;Quadro4 100 NVS PCI;NV17;Dec 22nd, 2003;PCI;64 MB, DDR, 128 bit;250 MHz;166 MHz;2 / 0 / 4 / 2
87;Quadro4 200 NVS;NV17;Dec 22nd, 2003;AGP 4x;64 MB, DDR, 128 bit;250 MHz;250 MHz;2 / 0 / 4 / 2
88;Quadro4 700 Go GL;NV28;Jun 5th, 2003;AGP 4x;64 MB, DDR, 128 bit;199 MHz;223 MHz;4 / 2 / 4 / 4
89;Volari Duo V5 Ultra;XG41;Sep 15th, 2003;AGP 8x;256 MB, DDR, 256 bit;350 MHz;375 MHz;2 / 2 / 4 / 2
90;Volari Duo V8 Ultra;XG40;Sep 15th, 2003;AGP 8x;256 MB, DDR, 256 bit;350 MHz;375 MHz;4 / 2 / 8 / 4
91;Volari Duo V8 Ultra;XG40;Sep 15th, 2003;AGP 8x;128 MB, DDR2, 128 bit;350 MHz;500 MHz;4 / 2 / 8 / 4
92;Volari V3;XG42;Sep 15th, 2003;AGP 8x;128 MB, DDR, 128 bit;200 MHz;200 MHz;2 / 1 / 4 / 2
93;Volari V3 XT;XG42;Sep 15th, 2003;AGP 8x;128 MB, DDR, 128 bit;250 MHz;207 MHz;2 / 1 / 4 / 2
94;Volari V5;XG41;Sep 15th, 2003;AGP 8x;256 MB, DDR2, 128 bit;325 MHz;450 MHz;2 / 2 / 4 / 2
95;Volari V5;XG41;Sep 15th, 2003;AGP 8x;256 MB, DDR, 128 bit;325 MHz;325 MHz;2 / 2 / 4 / 2
96;Volari V5 Ultra;XG41;Sep 15th, 2003;AGP 8x;256 MB, DDR2, 128 bit;350 MHz;500 MHz;2 / 2 / 4 / 2
97;Volari V8;XG40;Sep 15th, 2003;AGP 8x;256 MB, DDR, 128 bit;300 MHz;325 MHz;4 / 2 / 8 / 4
98;Volari V8;XG40;Sep 15th, 2003;AGP 8x;256 MB, DDR2, 128 bit;300 MHz;450 MHz;4 / 2 / 8 / 4
99;Volari V8 Ultra;XG40;Sep 15th, 2003;AGP 8x;256 MB, DDR2, 128 bit;350 MHz;500 MHz;4 / 2 / 8 / 4
100;Volari V8 Ultra;XG40;Sep 15th, 2003;AGP 8x;256 MB, DDR, 128 bit;350 MHz;375 MHz;4 / 2 / 8 / 4
101;FireGL 9800 X2-256T;R360;Oct 1st, 2003;AGP 8x;256 MB, DDR2, 256 bit;412 MHz;344 MHz;8 / 4 / 8 / 8
102;Radeon 9800 PRO MAXX;R350;Unknown;AGP 8x;128 MB, DDR, 256 bit;380 MHz;340 MHz;8 / 4 / 8 / 8
103;Radeon 9800 XT;R360;Oct 1st, 2003;AGP 8x;256 MB, DDR, 256 bit;412 MHz;365 MHz;8 / 4 / 8 / 8
104;No graphics cards found. Please change your search criteria.;;;;;;;
105;No graphics cards found. Please change your search criteria.;;;;;;;
106;No graphics cards found. Please change your search criteria.;;;;;;;
107;No graphics cards found. Please change your search criteria.;;;;;;;
108;No graphics cards found. Please change your search criteria.;;;;;;;
109;No graphics cards found. Please change your search criteria.;;;;;;;
110;FireGL V3200;RV380;Sep 1st, 2004;PCIe 1.0 x16;128 MB, DDR, 128 bit;500 MHz;350 MHz;4 / 2 / 4 / 4
111;Playstation Portable GPU 90nm;RE+SE-90nm;Dec 12th, 2004;IGP;2 MB, eDRAM, 512 bit;133 MHz;83 MHz;2 / 1 / 5 / 5
112;All-In-Wonder 9200;RV280;Jan 26th, 2004;AGP 8x;128 MB, DDR, 128 bit;250 MHz;200 MHz;4 / 1 / 4 / 4
113;All-In-Wonder 9200 SE;RV280;Jan 26th, 2004;AGP 8x;128 MB, DDR, 64 bit;250 MHz;164 MHz;4 / 1 / 4 / 4
114;All-In-Wonder 9600 XT;RV360;Feb 6th, 2004;AGP 8x;128 MB, DDR, 128 bit;527 MHz;324 MHz;4 / 2 / 4 / 4
115;All-In-Wonder X800 GT;R430;Sep 21st, 2004;PCIe 1.0 x16;128 MB, GDDR3, 128 bit;398 MHz;492 MHz;8 / 6 / 8 / 8
116;FireGL V3100;RV370;Sep 1st, 2004;PCIe 1.0 x16;128 MB, DDR, 64 bit;391 MHz;196 MHz;4 / 2 / 4 / 4
117;Mobility FireGL T2e;M11;Aug 1st, 2004;AGP 4x;128 MB, DDR, 128 bit;450 MHz;225 MHz;4 / 2 / 4 / 4
118;Mobility FireGL V3100;M22;Jun 1st, 2004;PCIe 1.0 x16;128 MB, DDR, 128 bit;350 MHz;200 MHz;4 / 2 / 4 / 4
119;Mobility FireGL V3200;M24;Jun 1st, 2004;PCIe 1.0 x16;128 MB, DDR2, 128 bit;400 MHz;250 MHz;4 / 2 / 4 / 4
120;Mobility Radeon 7000;M6;2004;AGP 4x;16 MB, DDR, 32 bit;144 MHz;139 MHz;1 / 0 / 3 / 1
121;Mobility Radeon 9500;M10;Jun 1st, 2004;AGP 4x;128 MB, DDR, 64 bit;230 MHz;190 MHz;4 / 2 / 4 / 4
122;Mobility Radeon 9550;M12;Jun 1st, 2004;AGP 4x;64 MB, DDR, 64 bit;250 MHz;243 MHz;4 / 2 / 4 / 4
123;Mobility Radeon 9600;M10;Jun 1st, 2004;AGP 8x;128 MB, DDR, 64 bit;300 MHz;200 MHz;4 / 2 / 4 / 4
124;Mobility Radeon 9600 PRO;M10;Jun 1st, 2004;AGP 8x;128 MB, DDR, 128 bit;333 MHz;200 MHz;4 / 2 / 4 / 4
125;Mobility Radeon 9600 PRO Turbo;M10;Feb 13th, 2004;AGP 8x;128 MB, DDR, 128 bit;337 MHz;243 MHz;4 / 2 / 4 / 4
126;Mobility Radeon 9700;M11;Jun 1st, 2004;AGP 8x;64 MB, DDR, 128 bit;450 MHz;275 MHz;4 / 2 / 4 / 4
127;Mobility Radeon 9700 SE;M10;Jun 1st, 2004;AGP 4x;128 MB, DDR, 64 bit;250 MHz;200 MHz;4 / 2 / 4 / 4
128;Mobility Radeon 9800;M18;Jul 1st, 2004;AGP 8x;256 MB, DDR, 256 bit;350 MHz;300 MHz;8 / 4 / 8 / 8
129;Mobility Radeon X600;M24;Jun 1st, 2004;PCIe 1.0 x16;128 MB, DDR, 128 bit;400 MHz;250 MHz;4 / 2 / 4 / 4
130;Mobility Radeon X600 SE;M24;Jun 1st, 2004;PCIe 1.0 x16;64 MB, DDR, 128 bit;400 MHz;250 MHz;4 / 2 / 4 / 4
131;Radeon 7000 Mac Edition;RV100;Mar 14th, 2004;AGP 4x;32 MB, DDR, 64 bit;183 MHz;183 MHz;1 / 0 / 3 / 1
132;Radeon 7000 Mac Edition PCI;RV100;Mar 14th, 2004;PCI;32 MB, DDR, 64 bit;183 MHz;183 MHz;1 / 0 / 3 / 1
133;Radeon 9000 PRO Mac Edition;RV250;Mar 14th, 2004;AGP 4x;64 MB, DDR, 128 bit;275 MHz;275 MHz;4 / 1 / 4 / 4
134;Radeon 9250;RV280;Mar 1st, 2004;AGP 8x;64 MB, DDR, 64 bit;240 MHz;200 MHz;4 / 1 / 4 / 4
135;Radeon 9250 PCI;RV280;Mar 1st, 2004;PCI;128 MB, DDR, 64 bit;240 MHz;200 MHz;4 / 1 / 4 / 4
136;Radeon 9800 PRO Mac Edition;R360;Mar 4th, 2004;AGP Pro 8x;128 MB, DDR, 256 bit;378 MHz;338 MHz;8 / 4 / 8 / 8
137;Radeon X300;RV370;Sep 1st, 2004;PCIe 1.0 x16;64 MB, DDR, 128 bit;375 MHz;200 MHz;4 / 2 / 4 / 4
138;Radeon X300 LE;RV370;Sep 1st, 2004;PCIe 1.0 x16;64 MB, DDR, 128 bit;325 MHz;200 MHz;4 / 2 / 4 / 4
139;Radeon X300 SE;RV370;Sep 1st, 2004;PCIe 1.0 x16;64 MB, DDR, 64 bit;325 MHz;200 MHz;4 / 2 / 4 / 4
140;Radeon X600;RV370;Sep 1st, 2004;PCIe 1.0 x16;256 MB, DDR, 128 bit;400 MHz;250 MHz;4 / 2 / 4 / 4
141;Radeon X600 PRO;RV380;Sep 1st, 2004;PCIe 1.0 x16;128 MB, DDR, 128 bit;400 MHz;300 MHz;4 / 2 / 4 / 4
142;Radeon X600 PRO;RV370;Sep 1st, 2004;PCIe 1.0 x16;128 MB, DDR, 128 bit;400 MHz;300 MHz;4 / 2 / 4 / 4
143;Radeon X600 SE;RV370;Sep 1st, 2004;PCIe 1.0 x16;128 MB, DDR, 64 bit;325 MHz;250 MHz;4 / 2 / 4 / 4
144;Radeon X600 XT;RV380;Sep 1st, 2004;PCIe 1.0 x16;128 MB, DDR, 128 bit;500 MHz;370 MHz;4 / 2 / 4 / 4
145;Radeon Xpress 200 IGP;RS480;Nov 8th, 2004;PCIe 1.0 x16;System Shared;300 MHz;System Shared;4 / 2 / 4 / 4
146;Radeon Xpress 200 IGP;RC410;Nov 8th, 2004;PCI;System Shared;300 MHz;System Shared;2 / 2 / 2 / 2
147;GMA 900;Grantsdale;Jun 1st, 2004;FSB;System Shared;333 MHz;System Shared;4 / 0 / 4 / 4
148;M9125 PCIe x16;PX-A1;Unknown;PCIe 1.0 x16;512 MB, DDR2, 64 bit;250 MHz;300 MHz;2 / 2 / 8 / 2
149;Parhelia 128 MB;Parhelia-512;Mar 30th, 2004;AGP 8x;128 MB, DDR, 256 bit;250 MHz;300 MHz;4 / 4 / 16 / 4
150;Parhelia 256 MB;Parhelia-512;Mar 30th, 2004;AGP 8x;256 MB, DDR, 256 bit;250 MHz;325 MHz;4 / 4 / 16 / 4
151;QID;MP-A4;Dec 17th, 2004;AGP 8x;256 MB, DDR, 128 bit;250 MHz;300 MHz;2 / 2 / 8 / 2
152;QID LP PCI;MP-A4;Dec 17th, 2004;PCI-X;128 MB, DDR, 64 bit;250 MHz;300 MHz;2 / 2 / 8 / 2
153;QID LP PCIe;MP-A4;Dec 17th, 2004;PCIe 1.0 x16;128 MB, DDR, 128 bit;250 MHz;300 MHz;2 / 2 / 8 / 2
154;QID PRO;MP-A4;Dec 17th, 2004;PCI-X;256 MB, DDR, 64 bit;250 MHz;300 MHz;2 / 2 / 8 / 2
155;GeForce 6100;C51;Oct 11th, 2004;PCI;System Shared;425 MHz;System Shared;2 / 1 / 1 / 1
156;GeForce 6100 + nForce 400;C61;Oct 11th, 2004;PCI;System Shared;425 MHz;System Shared;2 / 1 / 1 / 1
157;GeForce 6100 + nForce 405;C61;Oct 11th, 2004;PCI;System Shared;425 MHz;System Shared;2 / 1 / 1 / 1
158;GeForce 6100 + nForce 420;C61;Oct 11th, 2004;PCI;System Shared;425 MHz;System Shared;2 / 1 / 1 / 1
159;GeForce 6100 + nForce 430;C61;Oct 11th, 2004;PCI;System Shared;425 MHz;System Shared;2 / 1 / 1 / 1
160;GeForce 6150;C51;Oct 11th, 2004;PCI;System Shared;475 MHz;System Shared;2 / 1 / 1 / 1
161;GeForce 6150 LE;C51;Oct 11th, 2004;PCI;System Shared;425 MHz;System Shared;2 / 1 / 1 / 1
162;GeForce 6150 SE + nForce 430;C61;Oct 11th, 2004;PCI;System Shared;425 MHz;System Shared;2 / 1 / 1 / 1
163;GeForce 6200;NV43;Oct 11th, 2004;PCIe 1.0 x16;128 MB, DDR, 128 bit;300 MHz;275 MHz;4 / 3 / 2 / 4
164;GeForce 6200 LE AGP 512 MB;NV44;Oct 11th, 2004;AGP 8x;512 MB, DDR2, 128 bit;300 MHz;275 MHz;4 / 3 / 4 / 2
165;GeForce 6200 LE PCI;NV43;Oct 11th, 2004;PCI;256 MB, DDR, 64 bit;300 MHz;266 MHz;4 / 3 / 4 / 2
166;GeForce 6200 SE TurboCache;NV44;Dec 15th, 2004;PCIe 1.0 x16;64 MB, DDR, 32 bit;350 MHz;250 MHz;4 / 3 / 4 / 2
167;GeForce 6200 TurboCache;NV44B;Dec 15th, 2004;AGP 4x;64 MB, DDR, 64 bit;350 MHz;250 MHz;4 / 3 / 4 / 2
168;GeForce 6600;NV43;Aug 12th, 2004;PCIe 1.0 x16;256 MB, DDR, 128 bit;300 MHz;250 MHz;8 / 3 / 8 / 4
169;GeForce 6600 AGP;NV43;Aug 12th, 2004;PCIe 1.0 x16;128 MB, DDR, 128 bit;300 MHz;250 MHz;8 / 3 / 8 / 4
170;GeForce 6600 GT;NV43;Aug 12th, 2004;PCIe 1.0 x16;128 MB, GDDR3, 128 bit;500 MHz;500 MHz;8 / 3 / 8 / 4
171;GeForce 6600 GT AGP;NV43;Nov 14th, 2004;AGP 8x;128 MB, GDDR3, 128 bit;500 MHz;475 MHz;8 / 3 / 8 / 4
172;GeForce 6600 GT Dual;NV43;Aug 12th, 2004;PCIe 1.0 x16;128 MB, GDDR3, 128 bit;500 MHz;560 MHz;8 / 3 / 8 / 4
173;GeForce 6610 XL;NV43;Nov 14th, 2004;PCIe 1.0 x16;128 MB, GDDR3, 128 bit;400 MHz;400 MHz;8 / 3 / 8 / 4
174;GeForce 6700 XL;NV43;Nov 14th, 2004;PCIe 1.0 x16;128 MB, GDDR3, 128 bit;525 MHz;550 MHz;8 / 3 / 8 / 4
175;GeForce 6800 LE;NV40;Jul 21st, 2004;AGP 8x;128 MB, DDR, 256 bit;300 MHz;350 MHz;8 / 4 / 8 / 8
176;GeForce FX 5500;NV34B;Mar 17th, 2004;AGP 8x;64 MB, DDR, 128 bit;270 MHz;166 MHz;4 / 2 / 4 / 4
177;GeForce FX 5500 PCI;NV34B;Mar 17th, 2004;PCI;256 MB, DDR, 128 bit;270 MHz;200 MHz;4 / 2 / 4 / 4
178;GeForce FX 5700 EP;NV36;Sep 1st, 2004;AGP 8x;128 MB, DDR, 64 bit;425 MHz;200 MHz;4 / 3 / 4 / 4
179;GeForce FX 5700 LE;NV36;Mar 1st, 2004;AGP 8x;128 MB, DDR, 64 bit;250 MHz;200 MHz;4 / 3 / 4 / 4
180;GeForce FX 5700 VE;NV36;Sep 1st, 2004;AGP 8x;128 MB, DDR, 128 bit;250 MHz;200 MHz;4 / 3 / 4 / 4
181;GeForce PCX 4300;NV19;Feb 19th, 2004;PCIe 1.0 x16;64 MB, DDR, 64 bit;250 MHz;166 MHz;2 / 0 / 2 / 2
182;GeForce PCX 5300;NV37;Feb 17th, 2004;PCIe 1.0 x16;128 MB, DDR, 128 bit;250 MHz;200 MHz;4 / 2 / 4 / 4
183;GeForce PCX 5750;NV39;Feb 17th, 2004;PCIe 1.0 x16;128 MB, DDR, 128 bit;425 MHz;275 MHz;4 / 3 / 4 / 4
184;GeForce PCX 5950;NV38;Feb 17th, 2004;PCIe 1.0 x16;256 MB, GDDR3, 256 bit;475 MHz;425 MHz;4 / 3 / 8 / 4
185;Quadro FX 1100;NV36B;Apr 1st, 2004;AGP 8x;128 MB, DDR2, 128 bit;425 MHz;325 MHz;4 / 3 / 4 / 4
186;Quadro FX 1300;NV38;Aug 9th, 2004;PCIe 1.0 x16;128 MB, DDR, 256 bit;350 MHz;275 MHz;4 / 3 / 8 / 4
187;Quadro FX 1400;NV41;Aug 9th, 2004;PCIe 1.0 x16;128 MB, DDR, 256 bit;350 MHz;300 MHz;12 / 5 / 12 / 8
188;Quadro FX 330;NV37;Jun 28th, 2004;PCIe 1.0 x16;64 MB, DDR2, 64 bit;250 MHz;200 MHz;4 / 2 / 4 / 4
189;Quadro FX 540;NV43;Aug 9th, 2004;PCIe 1.0 x16;128 MB, GDDR3, 128 bit;300 MHz;250 MHz;8 / 4 / 8 / 8
190;Quadro FX 600 PCI;NV34;Mar 17th, 2004;PCI;128 MB, DDR, 128 bit;270 MHz;240 MHz;4 / 2 / 4 / 4
191;Quadro FX 700;NV35;Mar 17th, 2004;AGP 8x;128 MB, DDR, 128 bit;275 MHz;275 MHz;4 / 3 / 8 / 4
192;Quadro FX Go1000;NV36;Feb 25th, 2004;AGP 4x;128 MB, DDR, 128 bit;295 MHz;285 MHz;4 / 3 / 4 / 4
193;Quadro FX Go540;NV43;Aug 9th, 2004;MXM-II;128 MB, DDR, 128 bit;300 MHz;225 MHz;8 / 4 / 8 / 8
194;Quadro NVS 280 AGP;NV34;May 25th, 2004;AGP 8x;64 MB, DDR, 128 bit;275 MHz;250 MHz;4 / 2 / 4 / 4
195;Quadro NVS 280 PCIe;NV37;May 25th, 2004;PCIe 1.0 x16;64 MB, DDR, 128 bit;275 MHz;250 MHz;4 / 2 / 4 / 4
196;Quadro4 400 NVS PCI;NV17;Jul 16th, 2004;PCI;64 MB, DDR, 128 bit;220 MHz;166 MHz;2 / 0 / 4 / 2
197;All-In-Wonder X800 XT;R420;Sep 21st, 2004;AGP 8x;256 MB, GDDR3, 256 bit;500 MHz;500 MHz;16 / 6 / 16 / 16
198;FireGL V5000;RV410;Sep 1st, 2004;PCIe 1.0 x16;128 MB, GDDR3, 128 bit;425 MHz;430 MHz;8 / 6 / 8 / 8
199;FireGL V5100;R423;May 1st, 2004;PCIe 1.0 x16;128 MB, DDR, 256 bit;450 MHz;350 MHz;12 / 6 / 12 / 12
200;FireGL V7100;R423;Dec 1st, 2004;PCIe 1.0 x16;256 MB, GDDR3, 256 bit;493 MHz;475 MHz;16 / 6 / 16 / 16
201;FireGL X3-256;R420;Aug 3rd, 2004;AGP 8x;256 MB, GDDR3, 256 bit;491 MHz;454 MHz;12 / 6 / 12 / 12
202;Mobility Radeon X800;M28;Nov 1st, 2004;PCIe 1.0 x16;256 MB, GDDR3, 256 bit;400 MHz;400 MHz;12 / 6 / 12 / 12
203;Radeon 9800 XT Mac Edition;R360;Mar 14th, 2004;AGP Pro 8x;256 MB, DDR, 256 bit;412 MHz;365 MHz;8 / 4 / 8 / 8
204;Radeon X700;RV410;Sep 1st, 2004;PCIe 1.0 x16;128 MB, DDR, 128 bit;400 MHz;250 MHz;8 / 6 / 8 / 8
205;Radeon X700 AGP;RV410;Sep 1st, 2004;AGP 8x;128 MB, DDR, 128 bit;400 MHz;250 MHz;8 / 6 / 8 / 8
206;Radeon X700 LE;RV410;Dec 21st, 2004;PCIe 1.0 x16;128 MB, DDR, 128 bit;400 MHz;350 MHz;8 / 6 / 8 / 8
207;Radeon X700 PRO;RV410;Sep 1st, 2004;PCIe 1.0 x16;128 MB, GDDR3, 128 bit;425 MHz;430 MHz;8 / 6 / 8 / 8
208;Radeon X700 PRO AGP;RV410;Sep 1st, 2004;AGP 8x;128 MB, DDR, 128 bit;425 MHz;472 MHz;8 / 6 / 8 / 8
209;Radeon X700 XT;RV410;Sep 1st, 2004;PCIe 1.0 x16;128 MB, GDDR3, 128 bit;475 MHz;525 MHz;8 / 6 / 8 / 8
210;Radeon X800;R430;Dec 1st, 2004;PCIe 1.0 x16;256 MB, DDR, 256 bit;400 MHz;350 MHz;12 / 6 / 12 / 12
211;Radeon X800 PRO;R423;May 1st, 2004;PCIe 1.0 x16;256 MB, GDDR3, 256 bit;475 MHz;450 MHz;12 / 6 / 12 / 12
212;Radeon X800 PRO AGP;R420;May 1st, 2004;AGP 8x;256 MB, GDDR3, 256 bit;475 MHz;450 MHz;12 / 6 / 12 / 12
213;Radeon X800 SE;R423;Oct 4th, 2004;PCIe 1.0 x16;128 MB, DDR, 256 bit;425 MHz;350 MHz;8 / 6 / 8 / 8
214;Radeon X800 SE AGP;R420;Sep 1st, 2004;AGP 8x;256 MB, DDR, 256 bit;450 MHz;400 MHz;8 / 6 / 8 / 8
215;Radeon X800 VE AGP;R420;Sep 1st, 2004;AGP 8x;256 MB, GDDR3, 256 bit;425 MHz;398 MHz;16 / 6 / 16 / 16
216;Radeon X800 XL;R430;Dec 1st, 2004;PCIe 1.0 x16;256 MB, GDDR3, 256 bit;400 MHz;490 MHz;16 / 6 / 16 / 16
217;Radeon X800 XL AGP;R430;May 1st, 2004;AGP 8x;256 MB, GDDR3, 256 bit;400 MHz;500 MHz;16 / 6 / 16 / 16
218;Radeon X800 XT;R423;Dec 1st, 2004;PCIe 1.0 x16;256 MB, GDDR3, 256 bit;500 MHz;500 MHz;16 / 6 / 16 / 16
219;Radeon X800 XT AGP;R420;Mar 1st, 2004;AGP 8x;256 MB, GDDR3, 256 bit;500 MHz;500 MHz;16 / 6 / 16 / 16
220;Radeon X800 XT Mac Edition;R423;Dec 1st, 2004;AGP Pro 8x;256 MB, GDDR3, 256 bit;475 MHz;500 MHz;16 / 6 / 16 / 16
221;Radeon X800 XT Platinum;R423;Mar 1st, 2004;PCIe 1.0 x16;256 MB, GDDR3, 256 bit;520 MHz;560 MHz;16 / 6 / 16 / 16
222;Radeon X800 XT Platinum AGP;R420;May 1st, 2004;AGP 8x;256 MB, GDDR3, 256 bit;520 MHz;560 MHz;16 / 6 / 16 / 16
223;Radeon X850 PRO;R480;Dec 1st, 2004;PCIe 1.0 x16;256 MB, GDDR3, 256 bit;507 MHz;520 MHz;12 / 6 / 12 / 12
224;Radeon X850 XT;R480;Dec 1st, 2004;PCIe 1.0 x16;256 MB, GDDR3, 256 bit;520 MHz;540 MHz;16 / 6 / 16 / 16
225;Radeon X850 XT Platinum;R480;Dec 21st, 2004;PCIe 1.0 x16;256 MB, GDDR3, 256 bit;540 MHz;590 MHz;16 / 6 / 16 / 16
226;GeForce 6800;NV48;Apr 14th, 2004;AGP 8x;256 MB, DDR, 256 bit;325 MHz;350 MHz;12 / 5 / 12 / 12
227;GeForce 6800;NV41;Nov 8th, 2004;PCIe 1.0 x16;256 MB, DDR, 256 bit;325 MHz;300 MHz;12 / 5 / 12 / 12
228;GeForce 6800;NV40;Apr 14th, 2004;AGP 8x;128 MB, DDR, 256 bit;325 MHz;350 MHz;12 / 5 / 12 / 12
229;GeForce 6800 GT;NV45;Jun 8th, 2004;PCIe 1.0 x16;256 MB, GDDR3, 256 bit;350 MHz;500 MHz;16 / 6 / 16 / 16
230;GeForce 6800 GT;NV40;Apr 14th, 2004;AGP 8x;128 MB, DDR, 256 bit;350 MHz;250 MHz;16 / 6 / 16 / 16
231;GeForce 6800 GT;NV48;Apr 14th, 2004;AGP 8x;256 MB, GDDR3, 256 bit;350 MHz;500 MHz;16 / 6 / 16 / 16
232;GeForce 6800 GT DDL;NV40;Apr 14th, 2004;AGP Pro 8x;256 MB, GDDR3, 256 bit;350 MHz;500 MHz;16 / 6 / 16 / 16
233;GeForce 6800 GT Dual;NV45;Jun 8th, 2004;PCIe 1.0 x16;256 MB, GDDR3, 256 bit;350 MHz;500 MHz;16 / 6 / 16 / 16
234;GeForce 6800 GTO;NV45;Apr 14th, 2004;PCIe 1.0 x16;256 MB, GDDR3, 256 bit;350 MHz;500 MHz;12 / 5 / 12 / 12
235;GeForce 6800 Ultra;NV45;Jul 26th, 2004;PCIe 1.0 x16;256 MB, GDDR3, 256 bit;425 MHz;550 MHz;16 / 6 / 16 / 16
236;GeForce 6800 Ultra;NV40;Apr 14th, 2004;AGP 8x;256 MB, GDDR3, 256 bit;425 MHz;550 MHz;16 / 6 / 16 / 16
237;GeForce 6800 Ultra DDL;NV40;Apr 14th, 2004;AGP Pro 8x;256 MB, GDDR3, 256 bit;400 MHz;550 MHz;16 / 6 / 16 / 16
238;GeForce Go 6800;NV41;Nov 8th, 2004;MXM-III;256 MB, GDDR3, 256 bit;300 MHz;550 MHz;12 / 5 / 12 / 12
239;Quadro FX 3400;NV45;Jun 28th, 2004;PCIe 1.0 x16;256 MB, GDDR3, 256 bit;350 MHz;450 MHz;12 / 5 / 12 / 12
240;Quadro FX 4000;NV40;Apr 1st, 2004;AGP 8x;256 MB, GDDR3, 256 bit;375 MHz;500 MHz;16 / 6 / 16 / 16
241;Quadro FX 4000 SDI;NV41;Apr 19th, 2004;PCIe 1.0 x16;256 MB, GDDR3, 256 bit;425 MHz;500 MHz;12 / 5 / 12 / 12
242;No graphics cards found. Please change your search criteria.;;;;;;;
243;No graphics cards found. Please change your search criteria.;;;;;;;
244;No graphics cards found. Please change your search criteria.;;;;;;;
245;No graphics cards found. Please change your search criteria.;;;;;;;
246;No graphics cards found. Please change your search criteria.;;;;;;;
247;No graphics cards found. Please change your search criteria.;;;;;;;
248;Radeon X1300 PRO;RV516;Nov 1st, 2006;PCIe 1.0 x16;256 MB, DDR, 128 bit;600 MHz;400 MHz;4 / 2 / 4 / 4
249;Wii GPU;Hollywood;Nov 19th, 2006;IGP;64 MB, GDDR3, 64 bit;243 MHz;243 MHz;4 / 1 / 4 / 4
250;FireMV 2200;RV370;2006;PCIe 1.0 x16;128 MB, DDR, 64 bit;324 MHz;196 MHz;4 / 2 / 4 / 4
251;FireMV 2200 PCI;RV280;2006;PCI;64 MB, DDR, 64 bit;240 MHz;200 MHz;4 / 1 / 4 / 4
252;Mobility Radeon X1300;M52;Jan 19th, 2006;PCIe 1.0 x16;128 MB, DDR2, 128 bit;350 MHz;250 MHz;4 / 2 / 4 / 4
253;Mobility Radeon X1350;M62;Sep 18th, 2006;PCIe 1.0 x16;128 MB, DDR2, 64 bit;419 MHz;392 MHz;4 / 2 / 4 / 4
254;Mobility Radeon X1350;M62;Sep 18th, 2006;PCIe 1.0 x16;128 MB, DDR2, 64 bit;371 MHz;324 MHz;4 / 2 / 4 / 4
255;Mobility Radeon X1400;M54;Jan 19th, 2006;PCIe 1.0 x16;128 MB, DDR2, 128 bit;445 MHz;250 MHz;4 / 2 / 4 / 4
256;Mobility Radeon X1450;M64;Sep 18th, 2006;PCIe 1.0 x16;128 MB, DDR2, 128 bit;550 MHz;450 MHz;4 / 2 / 4 / 4
257;Mobility Radeon X1600;M56;Feb 1st, 2006;PCIe 1.0 x16;256 MB, GDDR3, 128 bit;450 MHz;470 MHz;12 / 5 / 4 / 4
258;Mobility Radeon X1700;M66;Feb 1st, 2006;PCIe 1.0 x16;256 MB, GDDR3, 128 bit;475 MHz;400 MHz;12 / 5 / 4 / 4
259;Radeon X1050;RV370;Dec 7th, 2006;PCIe 1.0 x16;128 MB, DDR2, 64 bit;400 MHz;333 MHz;4 / 2 / 4 / 4
260;Radeon X1050 AGP;RV350;Dec 7th, 2006;AGP 8x;128 MB, DDR, 128 bit;250 MHz;200 MHz;4 / 2 / 4 / 4
261;Radeon X1300 XT;RV530;Aug 12th, 2006;PCIe 1.0 x16;256 MB, DDR2, 128 bit;500 MHz;400 MHz;12 / 5 / 4 / 4
262;Radeon X1300 XT AGP;RV530;Aug 12th, 2006;AGP 8x;256 MB, GDDR3, 128 bit;500 MHz;400 MHz;12 / 5 / 4 / 4
263;Radeon X1650 PRO;RV535;Aug 23rd, 2006;PCIe 1.0 x16;256 MB, GDDR3, 128 bit;600 MHz;700 MHz;12 / 5 / 4 / 4
264;Radeon X1650 PRO AGP;RV535;Oct 15th, 2006;AGP 8x;256 MB, GDDR3, 128 bit;600 MHz;700 MHz;12 / 5 / 4 / 4
265;Radeon X300 SE HyperMemory;RV370;Oct 25th, 2006;PCIe 1.0 x16;128 MB, DDR, 64 bit;325 MHz;300 MHz;4 / 2 / 4 / 4
266;Radeon Xpress 1150 Mobile IGP;RS485;May 23rd, 2006;PCIe 1.0 x16;System Shared;400 MHz;System Shared;2 / 2 / 2 / 2
267;GMA 3000;Broadwater;Jun 1st, 2006;FSB;System Shared;667 MHz;System Shared;4 / 0 / 4 / 4
268;GMA 3000;Broadwater;Jun 1st, 2006;FSB;System Shared;667 MHz;System Shared;4 / 0 / 4 / 4
269;GMA 3000;Broadwater;Jun 1st, 2006;FSB;System Shared;400 MHz;System Shared;4 / 0 / 4 / 4
270;GMA 3000;Lakeport;Jul 1st, 2006;FSB;System Shared;400 MHz;System Shared;4 / 0 / 4 / 4
271;GMA 950;Calistoga;2006;FSB;System Shared;250 MHz;System Shared;4 / 1 / 4 / 1
272;GMA X3000;Broadwater;Jun 1st, 2006;FSB;System Shared;667 MHz;System Shared;4 / 0 / 4 / 4
273;GMA X3000;Broadwater;Jun 1st, 2006;FSB;System Shared;500 MHz;System Shared;8 / 1 / 8 / 1
274;Parhelia APVe;Parhelia-512;Jun 14th, 2006;PCIe 1.0 x16;128 MB, DDR, 128 bit;250 MHz;250 MHz;2 / 2 / 8 / 2
275;GeForce 7000M + nForce 610M;C67;Feb 1st, 2006;PCIe 1.0 x16;System Shared;350 MHz;System Shared;2 / 1 / 1 / 1
276;GeForce 7025 + nForce 630a;C67;Feb 1st, 2006;PCI;System Shared;425 MHz;System Shared;2 / 1 / 1 / 1
277;GeForce 7025 + nForce 630a;C68;Feb 1st, 2006;PCI;System Shared;425 MHz;System Shared;2 / 1 / 1 / 1
278;GeForce 7025 + nForce 630a;C68;Feb 1st, 2006;PCI;System Shared;425 MHz;System Shared;2 / 1 / 2 / 1
279;GeForce 7050 + nForce 630a;C68;Feb 1st, 2006;PCI;System Shared;425 MHz;System Shared;2 / 1 / 2 / 1
280;GeForce 7050 PV + nForce 630a;C68;Feb 1st, 2006;PCI;System Shared;425 MHz;System Shared;2 / 1 / 2 / 1
281;GeForce 7050 SE + nForce 630a;C68;Feb 1st, 2006;PCI;System Shared;425 MHz;System Shared;2 / 1 / 2 / 1
282;GeForce 7100 GS;NV44B;Aug 8th, 2006;PCIe 1.0 x16;128 MB, DDR2, 64 bit;350 MHz;266 MHz;4 / 3 / 4 / 2
283;GeForce 7200 GS;G72;Jan 18th, 2006;PCIe 1.0 x16;128 MB, DDR2, 64 bit;450 MHz;334 MHz;2 / 2 / 4 / 2
284;GeForce 7300 GS;G72;Jan 18th, 2006;PCIe 1.0 x16;256 MB, DDR2, 64 bit;450 MHz;266 MHz;4 / 3 / 4 / 2
285;GeForce 7300 GS Low Profile;G72;Jan 18th, 2006;PCIe 1.0 x16;256 MB, DDR2, 64 bit;450 MHz;266 MHz;4 / 3 / 4 / 2
286;GeForce 7300 GT;G73;May 15th, 2006;PCIe 1.0 x16;128 MB, DDR2, 128 bit;350 MHz;325 MHz;8 / 4 / 8 / 8
287;GeForce 7300 GT AGP;G73;May 15th, 2006;AGP 8x;128 MB, DDR2, 128 bit;350 MHz;325 MHz;8 / 4 / 8 / 8
288;GeForce 7300 GT Mac Edition;G73;Aug 26th, 2006;PCIe 1.0 x16;128 MB, GDDR3, 128 bit;350 MHz;500 MHz;8 / 4 / 8 / 8
289;GeForce 7300 LE;G72;Mar 22nd, 2006;PCIe 1.0 x16;128 MB, DDR2, 64 bit;450 MHz;324 MHz;4 / 3 / 4 / 2
290;GeForce 7300 SE;G72;Mar 22nd, 2006;PCIe 1.0 x16;256 MB, DDR2, 64 bit;450 MHz;266 MHz;4 / 3 / 4 / 2
291;GeForce 7350 LE;G72;Mar 22nd, 2006;PCIe 1.0 x16;128 MB, DDR2, 64 bit;450 MHz;400 MHz;4 / 3 / 4 / 2
292;GeForce 7500 LE;G72;Mar 22nd, 2006;PCIe 1.0 x16;64 MB, DDR2, 64 bit;475 MHz;405 MHz;8 / 5 / 8 / 4
293;GeForce 7800 GS AGP;G70;Feb 2nd, 2006;AGP 8x;256 MB, GDDR3, 256 bit;375 MHz;600 MHz;16 / 6 / 16 / 8
294;GeForce 7800 GS+ AGP;G71;Sep 28th, 2006;AGP 8x;256 MB, GDDR3, 256 bit;375 MHz;600 MHz;16 / 6 / 16 / 8
295;GeForce Go 6100 + nForce Go 430;C51;Feb 1st, 2006;PCIe 1.0 x16;System Shared;425 MHz;System Shared;2 / 1 / 2 / 1
296;GeForce Go 6150 + nForce Go 430;C51;Feb 1st, 2006;PCIe 2.0 x1;System Shared;425 MHz;System Shared;2 / 1 / 2 / 1
297;GeForce Go 6200;NV44;Feb 1st, 2006;PCIe 1.0 x16;32 MB, DDR, 64 bit;300 MHz;300 MHz;4 / 3 / 4 / 2
298;GeForce Go 6250;NV44;Feb 1st, 2006;PCIe 1.0 x16;32 MB, DDR, 64 bit;400 MHz;350 MHz;4 / 3 / 4 / 2
299;GeForce Go 6400;NV44;Feb 1st, 2006;PCIe 1.0 x16;32 MB, DDR, 64 bit;400 MHz;350 MHz;4 / 3 / 4 / 2
300;GeForce Go 7200;G72;Sep 1st, 2006;PCIe 1.0 x16;64 MB, GDDR3, 32 bit;450 MHz;350 MHz;4 / 3 / 4 / 1
301;GeForce Go 7300;G72B;Feb 1st, 2006;PCIe 1.0 x16;64 MB, GDDR3, 64 bit;350 MHz;350 MHz;4 / 3 / 4 / 2
302;GeForce Go 7300T;G72;Feb 1st, 2006;PCIe 1.0 x16;64 MB, GDDR3, 64 bit;350 MHz;350 MHz;4 / 3 / 4 / 2
303;GeForce Go 7400;G72B;Feb 1st, 2006;PCIe 1.0 x16;128 MB, GDDR3, 32 bit;450 MHz;450 MHz;4 / 3 / 4 / 2
304;GeForce Go 7400;G72;Feb 1st, 2006;PCIe 1.0 x16;128 MB, GDDR3, 64 bit;450 MHz;450 MHz;4 / 3 / 4 / 2
305;GeForce Go 7400T;G72;Feb 1st, 2006;PCIe 1.0 x16;128 MB, GDDR3, 64 bit;450 MHz;450 MHz;4 / 3 / 4 / 2
306;GeForce Go 7450;G72;Feb 1st, 2006;PCIe 1.0 x16;64 MB, DDR2, 256 bit;300 MHz;200 MHz;8 / 3 / 8 / 4
307;GeForce Go 7900 SE;G73;Apr 18th, 2006;PCIe 1.0 x16;256 MB, GDDR3, 256 bit;350 MHz;333 MHz;12 / 5 / 12 / 8
308;Quadro FX 350;G72;Apr 20th, 2006;PCIe 1.0 x16;128 MB, DDR2, 64 bit;550 MHz;405 MHz;4 / 3 / 4 / 2
309;Quadro FX 350M;G72;Mar 13th, 2006;PCIe 1.0 x16;256 MB, GDDR3, 128 bit;450 MHz;450 MHz;4 / 3 / 4 / 2
310;Quadro FX 550;NV43;Apr 20th, 2006;PCIe 1.0 x16;128 MB, GDDR3, 128 bit;360 MHz;400 MHz;8 / 4 / 8 / 8
311;Quadro FX 560;G73;Apr 20th, 2006;PCIe 1.0 x16;128 MB, GDDR3, 128 bit;350 MHz;600 MHz;12 / 5 / 12 / 8
312;Quadro NVS 110M;G72;Jun 1st, 2006;PCIe 1.0 x16;512 MB, DDR, 64 bit;300 MHz;300 MHz;4 / 3 / 4 / 2
313;Quadro NVS 120M;G72B;Jun 1st, 2006;MXM-III;512 MB, DDR2, 64 bit;450 MHz;700 MHz;4 / 3 / 4 / 2
314;Quadro NVS 285;NV44;Jun 6th, 2006;PCIe 1.0 x16;128 MB, DDR2, 64 bit;275 MHz;300 MHz;4 / 3 / 4 / 2
315;Quadro NVS 440;NV43;Feb 14th, 2006;PCIe 1.0 x16;128 MB, GDDR3, 128 bit;250 MHz;250 MHz;8 / 4 / 8 / 8
316;Stream Processor;R580;2006;PCIe 1.0 x16;1024 MB, GDDR3, 256 bit;594 MHz;648 MHz;48 / 8 / 16 / 16
317;All-In-Wonder X1900;R580;Jan 13th, 2006;PCIe 1.0 x16;256 MB, GDDR3, 256 bit;500 MHz;477 MHz;48 / 8 / 16 / 16
318;Mobility FireGL V5200;M56;Feb 1st, 2006;PCIe 1.0 x16;256 MB, GDDR3, 128 bit;425 MHz;475 MHz;12 / 5 / 12 / 12
319;Mobility Radeon X1800;M58;Mar 1st, 2006;MXM-III;256 MB, GDDR3, 256 bit;450 MHz;500 MHz;12 / 8 / 12 / 12
320;Mobility Radeon X1800 XT;M58;Mar 1st, 2006;PCIe 1.0 x16;256 MB, GDDR3, 256 bit;550 MHz;650 MHz;16 / 8 / 16 / 16
321;Radeon X1650 XT;RV560;Oct 30th, 2006;PCIe 1.0 x16;256 MB, GDDR3, 128 bit;525 MHz;700 MHz;24 / 8 / 8 / 8
322;Radeon X1650 XT AGP;RV560;Oct 30th, 2006;AGP 8x;512 MB, GDDR3, 128 bit;540 MHz;680 MHz;24 / 8 / 8 / 8
323;Radeon X1650 XT Dual;RV560;Oct 30th, 2006;PCIe 1.0 x16;256 MB, GDDR3, 128 bit;525 MHz;700 MHz;24 / 8 / 8 / 8
324;Radeon X1800 GTO;R520;Mar 1st, 2006;PCIe 1.0 x16;256 MB, GDDR3, 256 bit;500 MHz;495 MHz;12 / 8 / 12 / 12
325;Radeon X1800 GTO2;R520;Mar 1st, 2006;PCIe 1.0 x16;256 MB, GDDR3, 256 bit;500 MHz;500 MHz;12 / 8 / 12 / 12
326;Radeon X1900 CrossFire Edition;R580;Jan 24th, 2006;PCIe 1.0 x16;512 MB, GDDR3, 256 bit;625 MHz;725 MHz;48 / 8 / 16 / 16
327;Radeon X1900 G5 Mac Edition;R580;Nov 6th, 2006;PCIe 1.0 x16;256 MB, GDDR3, 256 bit;575 MHz;600 MHz;36 / 8 / 12 / 12
328;Radeon X1900 GT;R580;May 1st, 2006;PCIe 1.0 x16;256 MB, GDDR3, 256 bit;575 MHz;600 MHz;36 / 8 / 12 / 12
329;Radeon X1900 XT;R580;2006;PCIe 1.0 x16;256 MB, GDDR3, 256 bit;625 MHz;725 MHz;48 / 8 / 16 / 16
330;Radeon X1900 XTX;R580;2006;PCIe 1.0 x16;512 MB, GDDR3, 256 bit;650 MHz;775 MHz;48 / 8 / 16 / 16
331;Radeon X1950 CrossFire Edition;R580+;Sep 10th, 2006;PCIe 1.0 x16;512 MB, GDDR4, 256 bit;650 MHz;1000 MHz;48 / 8 / 16 / 16
332;Radeon X1950 PRO;RV570;Oct 1st, 2006;PCIe 1.0 x16;256 MB, GDDR3, 256 bit;575 MHz;690 MHz;36 / 8 / 12 / 12
333;Radeon X1950 PRO AGP;RV570;Oct 25th, 2006;AGP 8x;512 MB, GDDR3, 256 bit;575 MHz;690 MHz;36 / 8 / 12 / 12
334;Radeon X1950 XT;R580+;Oct 17th, 2006;PCIe 1.0 x16;256 MB, GDDR3, 256 bit;625 MHz;900 MHz;48 / 8 / 16 / 16
335;Radeon X1950 XT AGP;R580+;Oct 17th, 2006;AGP 8x;256 MB, GDDR3, 256 bit;625 MHz;703 MHz;48 / 8 / 16 / 16
336;Radeon X1950 XTX;R580+;Oct 17th, 2006;PCIe 1.0 x16;512 MB, GDDR4, 256 bit;650 MHz;1000 MHz;48 / 8 / 16 / 16
337;Radeon X850 CrossFire Edition;R480;Sep 10th, 2006;PCIe 1.0 x16;256 MB, GDDR3, 256 bit;520 MHz;540 MHz;16 / 6 / 16 / 16
338;GeForce 7600 GS;G73;Mar 22nd, 2006;PCIe 1.0 x16;256 MB, DDR2, 128 bit;400 MHz;400 MHz;12 / 5 / 12 / 8
339;GeForce 7600 GS AGP;G71;Jul 1st, 2006;AGP 8x;256 MB, GDDR3, 128 bit;500 MHz;725 MHz;12 / 5 / 12 / 8
340;GeForce 7600 GS AGP;G73;Jul 1st, 2006;AGP 8x;256 MB, DDR2, 128 bit;400 MHz;400 MHz;12 / 5 / 12 / 8
341;GeForce 7600 GT;G73;Mar 9th, 2006;PCIe 1.0 x16;256 MB, GDDR3, 128 bit;560 MHz;700 MHz;12 / 5 / 12 / 8
342;GeForce 7600 GT Mac Edition;G73;Sep 2nd, 2006;PCIe 1.0 x16;256 MB, GDDR3, 128 bit;560 MHz;700 MHz;12 / 5 / 12 / 8
343;GeForce 7600 LE;G73;Mar 22nd, 2006;PCIe 1.0 x16;256 MB, DDR2, 128 bit;400 MHz;400 MHz;8 / 4 / 8 / 8
344;GeForce 7650 GS;G73;Mar 22nd, 2006;PCIe 1.0 x16;256 MB, DDR2, 128 bit;450 MHz;400 MHz;12 / 5 / 12 / 8
345;GeForce 7800 GS 20Pipes AGP;G70;Feb 2nd, 2006;AGP 8x;512 MB, GDDR3, 256 bit;425 MHz;625 MHz;20 / 7 / 20 / 16
346;GeForce 7800 GS 24Pipes AGP;G70;Feb 2nd, 2006;AGP 8x;512 MB, GDDR3, 256 bit;425 MHz;625 MHz;24 / 8 / 24 / 16
347;GeForce 7800 GS+ 20Pipes AGP;G71;Sep 28th, 2006;AGP 8x;512 MB, GDDR3, 256 bit;425 MHz;625 MHz;20 / 7 / 20 / 16
348;GeForce 7800 GS+ 24Pipes AGP;G71;Sep 28th, 2006;AGP 8x;512 MB, GDDR3, 256 bit;425 MHz;625 MHz;24 / 8 / 24 / 16
349;GeForce 7900 GS;G71;May 1st, 2006;PCIe 1.0 x16;256 MB, GDDR3, 256 bit;450 MHz;660 MHz;20 / 7 / 20 / 16
350;GeForce 7900 GS AGP;G71;Apr 2nd, 2006;AGP 8x;256 MB, GDDR3, 256 bit;450 MHz;660 MHz;20 / 7 / 20 / 16
351;GeForce 7900 GT;G71;Mar 9th, 2006;PCIe 1.0 x16;256 MB, GDDR3, 256 bit;450 MHz;660 MHz;24 / 8 / 24 / 16
352;GeForce 7900 GTO;G71;Oct 1st, 2006;PCIe 1.0 x16;512 MB, GDDR3, 256 bit;650 MHz;660 MHz;24 / 8 / 24 / 16
353;GeForce 7900 GTX;G71;Mar 9th, 2006;PCIe 1.0 x16;512 MB, GDDR3, 256 bit;650 MHz;800 MHz;24 / 8 / 24 / 16
354;GeForce 7900 GX2;G71;Apr 30th, 2006;PCIe 1.0 x16;512 MB, GDDR3, 256 bit;500 MHz;600 MHz;24 / 8 / 24 / 16
355;GeForce 7950 GT;G71;Aug 6th, 2006;PCIe 1.0 x16;512 MB, GDDR3, 256 bit;550 MHz;700 MHz;24 / 8 / 24 / 16
356;GeForce 7950 GX2;G71;Jun 5th, 2006;PCIe 1.0 x16;512 MB, GDDR3, 256 bit;500 MHz;600 MHz;24 / 8 / 24 / 16
357;GeForce 8800 GTS 640;G80;Nov 8th, 2006;PCIe 1.0 x16;640 MB, GDDR3, 320 bit;513 MHz;792 MHz;96 / 24 / 20
358;GeForce 8800 GTX;G80;Nov 8th, 2006;PCIe 1.0 x16;768 MB, GDDR3, 384 bit;576 MHz;900 MHz;128 / 32 / 24
359;GeForce Go 7600;G73;Mar 1st, 2006;PCIe 1.0 x16;256 MB, GDDR3, 128 bit;450 MHz;350 MHz;8 / 4 / 8 / 8
360;GeForce Go 7600 GT;G73;Aug 1st, 2006;PCIe 1.0 x16;256 MB, GDDR3, 128 bit;500 MHz;600 MHz;12 / 5 / 12 / 8
361;GeForce Go 7700;G73;Aug 1st, 2006;PCIe 1.0 x16;512 MB, GDDR3, 128 bit;450 MHz;500 MHz;12 / 5 / 12 / 8
362;GeForce Go 7800;G70;Mar 3rd, 2006;PCIe 1.0 x16;256 MB, GDDR3, 256 bit;400 MHz;550 MHz;16 / 6 / 16 / 16
363;GeForce Go 7900 GS;G71;Apr 18th, 2006;MXM-II;512 MB, GDDR3, 256 bit;375 MHz;500 MHz;20 / 7 / 20 / 16
364;GeForce Go 7900 GTX;G71;Apr 18th, 2006;PCIe 1.0 x16;512 MB, GDDR3, 256 bit;500 MHz;600 MHz;24 / 8 / 24 / 16
365;GeForce Go 7950 GTX;G71;Oct 12th, 2006;MXM-III;512 MB, GDDR3, 256 bit;575 MHz;700 MHz;24 / 8 / 24 / 16
366;Playstation 3 GPU 90nm;RSX-90nm;Nov 11th, 2006;IGP;256 MB, GDDR3, 128 bit;550 MHz;650 MHz;24 / 8 / 24 / 8
367;Quadro FX 1500;G71;Apr 20th, 2006;PCIe 1.0 x16;256 MB, GDDR3, 256 bit;325 MHz;625 MHz;16 / 6 / 16 / 16
368;Quadro FX 1500M;G71;Apr 18th, 2006;MXM-II;512 MB, GDDR3, 256 bit;375 MHz;500 MHz;20 / 7 / 20 / 16
369;Quadro FX 3500;G71;May 22nd, 2006;PCIe 1.0 x16;256 MB, GDDR3, 256 bit;450 MHz;660 MHz;20 / 7 / 20 / 16
370;Quadro FX 4500 SDI;G70;Jan 30th, 2006;PCIe 1.0 x16;512 MB, GDDR3, 256 bit;430 MHz;525 MHz;24 / 8 / 24 / 16
371;Quadro FX 4500 X2;G71;Apr 24th, 2006;PCIe 1.0 x16;512 MB, GDDR3, 256 bit;500 MHz;605 MHz;24 / 8 / 24 / 16
372;Quadro FX 5500;G71;Apr 20th, 2006;PCIe 1.0 x16;1024 MB, DDR2, 256 bit;650 MHz;505 MHz;24 / 8 / 24 / 16
373;Quadro FX 5500 SDI;G71;Apr 20th, 2006;PCIe 1.0 x16;1024 MB, GDDR3, 256 bit;650 MHz;505 MHz;24 / 8 / 24 / 16
374;Quadro FX 550M;G73;Mar 13th, 2006;PCIe 1.0 x16;128 MB, GDDR3, 128 bit;450 MHz;500 MHz;12 / 5 / 12 / 8
375;Quadro NVS 300M;G73;May 24th, 2006;PCIe 1.0 x16;256 MB, GDDR3, 128 bit;500 MHz;700 MHz;8 / 4 / 8 / 8
376;Quadro NVS 510M;G71;Aug 21st, 2006;PCIe 1.0 x16;256 MB, GDDR3, 128 bit;450 MHz;600 MHz;24 / 8 / 24 / 16
377;Radeon X1900 CrossFire Edition;R580;Jan 24th, 2006;PCIe 1.0 x16;512 MB, GDDR3, 256 bit;625 MHz;725 MHz;48 / 8 / 16 / 16
378;Radeon X1900 XT;R580;2006;PCIe 1.0 x16;256 MB, GDDR3, 256 bit;625 MHz;725 MHz;48 / 8 / 16 / 16
379;Radeon X1900 XTX;R580;2006;PCIe 1.0 x16;512 MB, GDDR3, 256 bit;650 MHz;775 MHz;48 / 8 / 16 / 16
380;Radeon X1950 CrossFire Edition;R580+;Sep 10th, 2006;PCIe 1.0 x16;512 MB, GDDR4, 256 bit;650 MHz;1000 MHz;48 / 8 / 16 / 16
381;Radeon X1950 XT;R580+;Oct 17th, 2006;PCIe 1.0 x16;256 MB, GDDR3, 256 bit;625 MHz;900 MHz;48 / 8 / 16 / 16
382;Radeon X1950 XT AGP;R580+;Oct 17th, 2006;AGP 8x;256 MB, GDDR3, 256 bit;625 MHz;703 MHz;48 / 8 / 16 / 16
383;Radeon X1950 XTX;R580+;Oct 17th, 2006;PCIe 1.0 x16;512 MB, GDDR4, 256 bit;650 MHz;1000 MHz;48 / 8 / 16 / 16
384;GeForce 7900 GTO;G71;Oct 1st, 2006;PCIe 1.0 x16;512 MB, GDDR3, 256 bit;650 MHz;660 MHz;24 / 8 / 24 / 16
385;GeForce 7900 GTX;G71;Mar 9th, 2006;PCIe 1.0 x16;512 MB, GDDR3, 256 bit;650 MHz;800 MHz;24 / 8 / 24 / 16
386;GeForce 7900 GX2;G71;Apr 30th, 2006;PCIe 1.0 x16;512 MB, GDDR3, 256 bit;500 MHz;600 MHz;24 / 8 / 24 / 16
387;GeForce 7950 GX2;G71;Jun 5th, 2006;PCIe 1.0 x16;512 MB, GDDR3, 256 bit;500 MHz;600 MHz;24 / 8 / 24 / 16
388;GeForce 8800 GTS 640;G80;Nov 8th, 2006;PCIe 1.0 x16;640 MB, GDDR3, 320 bit;513 MHz;792 MHz;96 / 24 / 20
389;GeForce 8800 GTX;G80;Nov 8th, 2006;PCIe 1.0 x16;768 MB, GDDR3, 384 bit;576 MHz;900 MHz;128 / 32 / 24
390;Quadro FX 4500 X2;G71;Apr 24th, 2006;PCIe 1.0 x16;512 MB, GDDR3, 256 bit;500 MHz;605 MHz;24 / 8 / 24 / 16
391;Quadro FX 5500;G71;Apr 20th, 2006;PCIe 1.0 x16;1024 MB, DDR2, 256 bit;650 MHz;505 MHz;24 / 8 / 24 / 16
392;Quadro FX 5500 SDI;G71;Apr 20th, 2006;PCIe 1.0 x16;1024 MB, GDDR3, 256 bit;650 MHz;505 MHz;24 / 8 / 24 / 16
393;No graphics cards found. Please change your search criteria.;;;;;;;
394;GeForce 8800 GTS 640;G80;Nov 8th, 2006;PCIe 1.0 x16;640 MB, GDDR3, 320 bit;513 MHz;792 MHz;96 / 24 / 20
395;GeForce 8800 GTX;G80;Nov 8th, 2006;PCIe 1.0 x16;768 MB, GDDR3, 384 bit;576 MHz;900 MHz;128 / 32 / 24
396;No graphics cards found. Please change your search criteria.;;;;;;;
397;No graphics cards found. Please change your search criteria.;;;;;;;
398;No graphics cards found. Please change your search criteria.;;;;;;;
399;FireGL V3600;RV630;Jun 28th, 2007;PCIe 1.0 x16;256 MB, DDR2, 128 bit;600 MHz;500 MHz;120 / 8 / 4
400;Tesla C870;G80;May 2nd, 2007;PCIe 1.0 x16;1536 MB, GDDR3, 384 bit;600 MHz;800 MHz;128 / 32 / 24
401;Tesla D870;G80;May 2nd, 2007;PCIe 1.0 x16;1536 MB, GDDR3, 384 bit;600 MHz;800 MHz;128 / 32 / 24
402;Tesla S870;G80;May 2nd, 2007;PCIe 1.0 x16;1536 MB, GDDR3, 384 bit;600 MHz;800 MHz;128 / 32 / 24
403;Playstation 2 GPU 65nm;EE+GS-65nm;Jul 1st, 2007;IGP;4 MB, eDRAM, 2560 bit;147 MHz;150 MHz;16 / 2 / 8 / 16
404;Playstation Portable GPU 65nm;RE+SE-65nm;Aug 30th, 2007;IGP;2 MB, eDRAM, 512 bit;133 MHz;83 MHz;2 / 1 / 5 / 5
405;ES1000;ES1000;Oct 18th, 2007;PCI;System Shared;200 MHz;System Shared;0 / 0 / 3 / 1
406;FireMV 2250;RV516;2007;PCIe 1.0 x16;256 MB, DDR2, 128 bit;600 MHz;400 MHz;4 / 2 / 4 / 4
407;FireMV 2250 PCIe x1;RV516;2007;PCIe 1.0 x1;256 MB, DDR2, 128 bit;600 MHz;400 MHz;4 / 2 / 4 / 4
408;Mobility Radeon HD 2300;M71;Mar 1st, 2007;PCIe 1.0 x16;128 MB, DDR2, 128 bit;480 MHz;400 MHz;4 / 2 / 4 / 4
409;Mobility Radeon HD 2400;M72;May 14th, 2007;PCIe 1.0 x16;256 MB, DDR2, 64 bit;450 MHz;400 MHz;40 / 4 / 4
410;Mobility Radeon X1600 Mac Edition;M56;Nov 8th, 2007;PCIe 1.0 x16;128 MB, GDDR3, 128 bit;398 MHz;396 MHz;12 / 5 / 4 / 4
411;Mobility Radeon X2300;M64;Mar 1st, 2007;PCIe 1.0 x16;128 MB, GDDR3, 64 bit;479 MHz;446 MHz;4 / 2 / 4 / 4
412;Mobility Radeon X2300;M64;Mar 1st, 2007;PCIe 1.0 x16;64 MB, DDR2, 64 bit;479 MHz;392 MHz;4 / 2 / 4 / 4
413;Mobility Radeon X2300 HD;M71;Mar 1st, 2007;PCIe 1.0 x16;256 MB, DDR2, 32 bit;479 MHz;378 MHz;4 / 2 / 4 / 4
414;Mobility Radeon X2500;M66;Jun 1st, 2007;PCIe 1.0 x16;256 MB, DDR2, 128 bit;460 MHz;400 MHz;12 / 5 / 4 / 4
415;Radeon HD 2350 PRO;RV610;2007;PCIe 1.0 x16;256 MB, DDR2, 64 bit;525 MHz;400 MHz;40 / 4 / 4
416;Radeon HD 2400 PRO;RV610;Jun 28th, 2007;PCIe 1.0 x16;256 MB, DDR2, 64 bit;525 MHz;400 MHz;40 / 4 / 4
417;Radeon HD 2400 PRO AGP;RV610;Jun 28th, 2007;AGP 8x;256 MB, DDR2, 64 bit;525 MHz;400 MHz;40 / 4 / 4
418;Radeon HD 2400 PRO PCI;RV610;Jun 28th, 2007;PCI;512 MB, DDR2, 64 bit;525 MHz;400 MHz;40 / 4 / 4
419;Radeon X1050 AGP;RV360;Nov 25th, 2007;AGP 8x;128 MB, DDR, 128 bit;250 MHz;203 MHz;4 / 2 / 4 / 4
420;Radeon X1550;RV516;2007;PCIe 1.0 x16;256 MB, DDR2, 128 bit;550 MHz;400 MHz;4 / 2 / 4 / 4
421;Radeon X1550;RV515;2007;PCIe 1.0 x16;256 MB, DDR2, 128 bit;600 MHz;400 MHz;4 / 2 / 4 / 4
422;Radeon X1550;RV505;2007;PCIe 1.0 x16;128 MB, DDR2, 64 bit;500 MHz;333 MHz;4 / 2 / 4 / 4
423;Radeon X1550 AGP;RV505;2007;AGP 8x;256 MB, DDR2, 64 bit;600 MHz;330 MHz;4 / 2 / 4 / 4
424;Radeon X1550 PCI;RV516;2007;PCI;256 MB, DDR2, 64 bit;452 MHz;266 MHz;4 / 2 / 4 / 4
425;Radeon X1600;RV516;2007;PCIe 1.0 x16;512 MB, DDR2, 128 bit;635 MHz;400 MHz;4 / 2 / 4 / 4
426;Radeon X1600 PRO AGP;RV530;Oct 1st, 2007;AGP 8x;256 MB, GDDR3, 128 bit;500 MHz;390 MHz;12 / 5 / 4 / 4
427;Radeon X1600 XT Dual;RV530;Never Released;PCIe 1.0 x16;256 MB, GDDR3, 128 bit;590 MHz;690 MHz;12 / 5 / 4 / 4
428;Radeon X1650;RV530;Feb 1st, 2007;PCIe 1.0 x16;256 MB, DDR2, 128 bit;500 MHz;400 MHz;12 / 5 / 4 / 4
429;Radeon X1650;RV516;Nov 20th, 2007;PCIe 1.0 x16;256 MB, DDR2, 64 bit;635 MHz;392 MHz;4 / 2 / 4 / 4
430;Radeon X1650 AGP;RV530;Feb 1st, 2007;AGP 8x;256 MB, DDR2, 128 bit;500 MHz;400 MHz;12 / 5 / 4 / 4
431;Radeon X1650 GTO;RV530;Dec 2nd, 2007;PCIe 1.0 x16;256 MB, DDR2, 128 bit;587 MHz;392 MHz;12 / 5 / 4 / 4
432;Radeon X1700 FSC;RV535;Nov 5th, 2007;PCIe 1.0 x16;256 MB, GDDR3, 128 bit;587 MHz;695 MHz;12 / 5 / 4 / 4
433;Radeon X550 XT;RV410;Jan 24th, 2007;PCIe 1.0 x16;128 MB, GDDR3, 128 bit;400 MHz;300 MHz;4 / 6 / 4 / 4
434;Radeon Xpress 1100 IGP;RC410;Oct 17th, 2007;PCIe 1.0 x16;System Shared;300 MHz;System Shared;2 / 2 / 2 / 2
435;Radeon Xpress 1150 IGP;RS482;Oct 17th, 2007;PCIe 1.0 x16;System Shared;400 MHz;System Shared;2 / 2 / 2 / 2
436;Radeon Xpress 1200 IGP;RS690;Feb 28th, 2007;PCIe 1.0 x16;System Shared;400 MHz;System Shared;4 / 2 / 4 / 4
437;Radeon Xpress 1200 IGP;RS690;Feb 28th, 2007;PCIe 1.0 x16;System Shared;400 MHz;System Shared;4 / 2 / 4 / 4
438;Radeon Xpress 1200 Mobile IGP;RS690;Feb 28th, 2007;PCIe 1.0 x16;System Shared;400 MHz;System Shared;4 / 2 / 4 / 4
439;Radeon Xpress 1200 Mobile IGP;RS600;Feb 28th, 2007;PCIe 1.0 x16;System Shared;500 MHz;System Shared;4 / 2 / 4 / 4
440;Radeon Xpress 1250 IGP;RS690;Feb 28th, 2007;PCIe 1.0 x16;System Shared;400 MHz;System Shared;4 / 2 / 4 / 4
441;Radeon Xpress 1250 Mobile IGP;RS600;Feb 28th, 2007;PCIe 1.0 x16;System Shared;500 MHz;System Shared;4 / 2 / 4 / 4
442;Radeon Xpress 1250 Mobile IGP;RS690;Feb 28th, 2007;PCIe 1.0 x16;System Shared;400 MHz;System Shared;4 / 2 / 4 / 4
443;Radeon Xpress 1270 Mobile IGP;RS690;Feb 28th, 2007;PCIe 1.0 x16;System Shared;400 MHz;System Shared;4 / 2 / 4 / 4
444;Radeon Xpress 1270 Mobile IGP;RS690;Feb 28th, 2007;PCIe 1.0 x16;System Shared;400 MHz;System Shared;4 / 2 / 4 / 4
445;GMA 3100;Bearlake;May 9th, 2007;FSB;System Shared;400 MHz;System Shared;8 / 1 / 8 / 1
446;GMA 3100;Bearlake;May 9th, 2007;FSB;System Shared;400 MHz;System Shared;4 / 0 / 4 / 4
447;GMA 3100;Bearlake;May 9th, 2007;FSB;System Shared;400 MHz;System Shared;4 / 0 / 4 / 4
448;GMA 3150;Pineview;May 9th, 2007;PCI;System Shared;400 MHz;System Shared;16 / 2 / 1
449;GMA 3150;Pineview;May 9th, 2007;FSB;System Shared;400 MHz;System Shared;16 / 2 / 1
450;GMA X3100;Crestline;May 9th, 2007;FSB;System Shared;500 MHz;System Shared;8 / 1 / 8 / 1
451;GMA X3100;Broadwater;May 9th, 2007;FSB;System Shared;500 MHz;System Shared;8 / 1 / 8 / 1
452;GMA X3500;Bearlake;Aug 1st, 2007;FSB;System Shared;667 MHz;System Shared;8 / 1 / 8 / 1
453;GeForce 7050 + nForce 620i;C73;Oct 4th, 2007;PCI;System Shared;500 MHz;System Shared;2 / 1 / 2 / 2
454;GeForce 7050 + nForce 630i;C73;Oct 4th, 2007;PCI;System Shared;500 MHz;System Shared;2 / 1 / 2 / 2
455;GeForce 7100 + nForce 630i;C73;Oct 4th, 2007;PCI;System Shared;600 MHz;System Shared;4 / 1 / 2 / 2
456;GeForce 7150 + nForce 630i;C73;Nov 16th, 2007;PCI;System Shared;630 MHz;System Shared;2 / 1 / 2 / 2
457;GeForce 7150M + nForce 630M;C67;Nov 16th, 2007;PCIe 1.0 x16;System Shared;425 MHz;System Shared;2 / 1 / 2 / 2
458;GeForce 8100 + nForce 720a;C78;Apr 17th, 2007;PCI;System Shared;500 MHz;System Shared;16 / 8 / 4
459;GeForce 8200;C78;Apr 17th, 2007;PCI;System Shared;500 MHz;System Shared;16 / 8 / 4
460;GeForce 8300;C78;Apr 17th, 2007;PCI;System Shared;500 MHz;System Shared;16 / 8 / 4
461;GeForce 8300 GS;G86;Apr 17th, 2007;PCIe 2.0 x16;128 MB, DDR2, 64 bit;459 MHz;400 MHz;8 / 8 / 4
462;GeForce 8400;G98;Dec 4th, 2007;PCIe 2.0 x16;256 MB, DDR2, 64 bit;540 MHz;500 MHz;8 / 4 / 4
463;GeForce 8400 GS;G86;Apr 17th, 2007;PCIe 1.0 x16;256 MB, DDR2, 64 bit;459 MHz;400 MHz;16 / 8 / 4
464;GeForce 8400 GS PCI;G98;Dec 4th, 2007;PCI;512 MB, DDR2, 64 bit;567 MHz;333 MHz;8 / 4 / 4
465;GeForce 8400 GS PCI Rev. 2;GT218;Apr 17th, 2007;PCI;512 MB, DDR3, 64 bit;520 MHz;500 MHz;16 / 8 / 4
466;GeForce 8400 GS Rev. 2;G98;Dec 4th, 2007;PCIe 2.0 x16;512 MB, DDR2, 64 bit;567 MHz;400 MHz;8 / 4 / 4
467;GeForce 8400M G;G86;May 9th, 2007;PCIe 1.0 x16;256 MB, GDDR3, 64 bit;400 MHz;400 MHz;8 / 8 / 4
468;GeForce 8400M GS;G86;May 9th, 2007;MXM-I;256 MB, DDR2, 64 bit;400 MHz;400 MHz;16 / 8 / 4
469;GeForce 8400M GT;G86;May 9th, 2007;PCIe 1.0 x16;512 MB, GDDR3, 128 bit;450 MHz;600 MHz;16 / 8 / 4
470;GeForce 8500 GT;G86;Apr 17th, 2007;PCIe 1.0 x16;256 MB, GDDR3, 128 bit;459 MHz;400 MHz;16 / 8 / 4
471;GeForce 8600M GS;G86;May 1st, 2007;MXM-II;512 MB, DDR2, 128 bit;450 MHz;400 MHz;16 / 8 / 4
472;GeForce 9100;C78;Apr 17th, 2007;PCI;System Shared;500 MHz;System Shared;16 / 8 / 4
473;GeForce 9200;C78;Apr 17th, 2007;PCI;System Shared;500 MHz;System Shared;16 / 8 / 4
474;GeForce 9200;C79;Apr 17th, 2007;PCI;System Shared;450 MHz;System Shared;16 / 8 / 4
475;GeForce 9300 + nForce 730i;C79;Apr 17th, 2007;PCI;System Shared;450 MHz;System Shared;16 / 8 / 4
476;GeForce 9400;C79;Apr 17th, 2007;PCI;System Shared;450 MHz;System Shared;16 / 8 / 4
477;GeForce 9400;C79;Apr 17th, 2007;PCI;System Shared;450 MHz;System Shared;16 / 8 / 4
478;GeForce 9400;C7A;Apr 17th, 2007;PCI;System Shared;580 MHz;System Shared;16 / 8 / 4
479;Quadro FX 360M;G86;May 9th, 2007;PCIe 1.0 x16;256 MB, DDR2, 64 bit;400 MHz;600 MHz;16 / 8 / 4
480;Quadro FX 370;G84;Sep 12th, 2007;PCIe 1.0 x16;256 MB, DDR2, 64 bit;360 MHz;500 MHz;16 / 8 / 4
481;Quadro FX 470;C79;Sep 12th, 2007;PCI;System Shared;580 MHz;System Shared;16 / 8 / 4
482;Quadro NVS 130M;G86;May 9th, 2007;PCIe 2.0 x16;256 MB, DDR2, 64 bit;400 MHz;700 MHz;8 / 8 / 4
483;Quadro NVS 135M;G86;May 9th, 2007;PCIe 2.0 x16;256 MB, GDDR3, 64 bit;400 MHz;594 MHz;16 / 8 / 4
484;Quadro NVS 140M;G86;May 9th, 2007;PCIe 2.0 x16;512 MB, GDDR3, 64 bit;400 MHz;600 MHz;16 / 8 / 4
485;Quadro NVS 290;G86;Oct 4th, 2007;PCIe 1.0 x16;256 MB, DDR2, 64 bit;459 MHz;400 MHz;16 / 8 / 4
486;FireStream 9170;RV670;Nov 8th, 2007;PCIe 2.0 x16;2 GB, GDDR3, 256 bit;777 MHz;802 MHz;320 / 16 / 16
487;FireGL V5600;RV630;Aug 6th, 2007;PCIe 1.0 x16;512 MB, GDDR4, 128 bit;800 MHz;1100 MHz;120 / 8 / 4
488;FireGL V7600;R600;Aug 6th, 2007;PCIe 1.0 x16;512 MB, GDDR3, 256 bit;600 MHz;800 MHz;320 / 16 / 16
489;FireGL V7700;RV670;Nov 19th, 2007;PCIe 2.0 x16;512 MB, GDDR4, 256 bit;777 MHz;1126 MHz;320 / 16 / 16
490;FireGL V8600;R600;May 14th, 2007;PCIe 1.0 x16;1024 MB, GDDR4, 512 bit;688 MHz;868 MHz;320 / 16 / 16
491;FireGL V8650;R600;Aug 6th, 2007;PCIe 1.0 x16;2 GB, GDDR4, 512 bit;688 MHz;868 MHz;320 / 16 / 16
492;Mobility FireGL V5250;M66;2007;PCIe 1.0 x16;256 MB, GDDR3, 128 bit;450 MHz;350 MHz;12 / 5 / 12 / 12
493;Mobility FireGL V5600;M76;May 14th, 2007;PCIe 2.0 x16;256 MB, GDDR3, 128 bit;500 MHz;400 MHz;120 / 8 / 4
494;Mobility Radeon HD 2400 XT;M74;May 14th, 2007;PCIe 1.0 x16;256 MB, DDR2, 64 bit;600 MHz;400 MHz;40 / 4 / 4
495;Mobility Radeon HD 2400 XT Mac Edition;M74;Jun 28th, 2007;PCIe 1.0 x16;128 MB, GDDR3, 64 bit;650 MHz;800 MHz;40 / 4 / 4
496;Mobility Radeon HD 2600;M76;May 14th, 2007;MXM-II;256 MB, DDR2, 128 bit;500 MHz;400 MHz;120 / 8 / 4
497;Mobility Radeon HD 2600 XT;M76;May 14th, 2007;MXM-II;256 MB, GDDR3, 128 bit;680 MHz;750 MHz;120 / 8 / 4
498;Mobility Radeon HD 2600 XT Mac Edition;M76;Jul 26th, 2007;MXM-II;256 MB, GDDR3, 128 bit;600 MHz;685 MHz;120 / 8 / 4
499;Mobility Radeon HD 2700;M76;Dec 12th, 2007;MXM-II;256 MB, GDDR3, 128 bit;700 MHz;700 MHz;120 / 8 / 4
500;Mobility Radeon X1900;M68;Jan 11th, 2007;PCIe 1.0 x16;256 MB, GDDR3, 256 bit;400 MHz;480 MHz;36 / 8 / 12 / 12
501;Radeon E2400;RV610;Jun 28th, 2007;MXM-II;128 MB, GDDR3, 64 bit;600 MHz;700 MHz;40 / 4 / 4
502;Radeon HD 2400 XT;RV610;Jun 28th, 2007;PCIe 1.0 x16;256 MB, GDDR3, 64 bit;650 MHz;500 MHz;40 / 4 / 4
503;Radeon HD 2600 PRO;RV630;Jun 28th, 2007;PCIe 1.0 x16;256 MB, DDR2, 128 bit;600 MHz;500 MHz;120 / 8 / 4
504;Radeon HD 2600 PRO AGP;RV630;Jun 28th, 2007;AGP 8x;512 MB, DDR2, 128 bit;594 MHz;396 MHz;120 / 8 / 4
505;Radeon HD 2600 XT;RV630;Jun 28th, 2007;PCIe 1.0 x16;256 MB, GDDR4, 128 bit;800 MHz;1100 MHz;120 / 8 / 4
506;Radeon HD 2600 XT;RV630;Jun 28th, 2007;PCIe 1.0 x16;256 MB, GDDR3, 128 bit;800 MHz;700 MHz;120 / 8 / 4
507;Radeon HD 2600 XT AGP;RV630;Jun 28th, 2007;AGP 8x;256 MB, GDDR3, 128 bit;800 MHz;800 MHz;120 / 8 / 4
508;Radeon HD 2600 XT AGP;RV635;Jun 28th, 2007;AGP 8x;256 MB, DDR2, 128 bit;722 MHz;405 MHz;120 / 8 / 4
509;Radeon HD 2600 XT X2;RV630;Jul 26th, 2007;PCIe 1.0 x16;512 MB, GDDR3, 128 bit;800 MHz;800 MHz;120 / 8 / 4
510;Radeon HD 2900 GT;R600;Nov 6th, 2007;PCIe 1.0 x16;256 MB, GDDR3, 256 bit;601 MHz;800 MHz;240 / 12 / 12
511;Radeon HD 2900 PRO;R600;Dec 12th, 2007;PCIe 1.0 x16;512 MB, GDDR3, 256 bit;600 MHz;800 MHz;320 / 16 / 16
512;Radeon HD 2900 XT;R600;May 14th, 2007;PCIe 1.0 x16;512 MB, GDDR3, 512 bit;743 MHz;828 MHz;320 / 16 / 16
513;Radeon HD 2900 XTX;R600;Never Released;PCIe 1.0 x16;512 MB, GDDR3, 512 bit;743 MHz;828 MHz;320 / 16 / 16
514;Radeon HD 2950 PRO;RV670;Never Released;PCIe 2.0 x16;256 MB, GDDR3, 256 bit;600 MHz;600 MHz;320 / 16 / 16
515;Radeon HD 2950 XTX;RV670;Never Released;PCIe 2.0 x16;512 MB, GDDR4, 256 bit;777 MHz;1126 MHz;320 / 16 / 16
516;Radeon HD 3450;RV620;Dec 10th, 2007;PCIe 2.0 x16;256 MB, DDR2, 64 bit;600 MHz;500 MHz;40 / 4 / 4
517;Radeon HD 3450 X2;RV620;Dec 10th, 2007;PCIe 2.0 x16;512 MB, DDR2, 64 bit;600 MHz;500 MHz;40 / 4 / 4
518;Radeon HD 3850;RV670;Nov 19th, 2007;PCIe 2.0 x16;512 MB, GDDR3, 256 bit;668 MHz;830 MHz;320 / 16 / 16
519;Radeon HD 3870;RV670;Nov 19th, 2007;PCIe 2.0 x16;512 MB, GDDR4, 256 bit;777 MHz;1126 MHz;320 / 16 / 16
520;Radeon HD 3870 AGP;RV670;Never Released;AGP 8x;512 MB, GDDR4, 256 bit;777 MHz;1126 MHz;320 / 16 / 16
521;Radeon X1650 GT;RV560;May 1st, 2007;PCIe 1.0 x16;128 MB, GDDR3, 128 bit;400 MHz;400 MHz;24 / 8 / 8 / 8
522;Radeon X1700 SE;RV560;Nov 30th, 2007;PCIe 1.0 x16;512 MB, DDR2, 128 bit;500 MHz;500 MHz;24 / 8 / 8 / 8
523;Radeon X1950 GT;RV570;Jan 29th, 2007;PCIe 1.0 x16;256 MB, GDDR3, 256 bit;500 MHz;600 MHz;36 / 8 / 12 / 12
524;Radeon X1950 GT AGP;RV570;Feb 10th, 2007;AGP 8x;256 MB, GDDR3, 256 bit;500 MHz;600 MHz;36 / 8 / 12 / 12
525;Radeon X1950 PRO DUAL;RV570;Jan 10th, 2007;PCIe 1.0 x16;512 MB, GDDR3, 256 bit;575 MHz;690 MHz;36 / 8 / 12 / 12
526;Radeon X1950 XTX Uber Edition;R580+;Jan 19th, 2007;PCIe 1.0 x16;512 MB, GDDR4, 256 bit;670 MHz;1050 MHz;48 / 8 / 16 / 16
527;Radeon X550 XTX;RV410;Jan 24th, 2007;PCIe 1.0 x16;128 MB, DDR, 64 bit;400 MHz;300 MHz;8 / 6 / 8 / 8
528;Radeon X800 GT AGP;R420;Nov 8th, 2007;AGP 8x;256 MB, GDDR3, 256 bit;473 MHz;493 MHz;8 / 6 / 8 / 8
529;Radeon X800 GTO;R423;Dec 29th, 2007;PCIe 1.0 x16;128 MB, DDR, 256 bit;400 MHz;350 MHz;12 / 6 / 12 / 12
530;Radeon X800 GTO AGP;R420;Nov 8th, 2007;AGP 8x;256 MB, GDDR3, 256 bit;400 MHz;490 MHz;12 / 6 / 12 / 12
531;Xbox 360 GPU 80nm;Xenos Falcon;Oct 27th, 2007;IGP;512 MB, GDDR3, 128 bit;500 MHz;700 MHz;240 / 16 / 8
532;GeForce 7600 GT AGP;G73;Jan 8th, 2007;AGP 8x;256 MB, GDDR3, 128 bit;560 MHz;700 MHz;12 / 5 / 12 / 8
533;GeForce 7950 GT AGP;G71;Apr 2nd, 2007;AGP 8x;512 MB, GDDR3, 256 bit;500 MHz;600 MHz;24 / 8 / 24 / 16
534;GeForce 8600 GS;G84;Apr 17th, 2007;PCIe 1.0 x16;512 MB, DDR2, 128 bit;540 MHz;400 MHz;16 / 8 / 8
535;GeForce 8600 GT;G84;Apr 17th, 2007;PCIe 1.0 x16;512 MB, GDDR3, 128 bit;540 MHz;700 MHz;32 / 16 / 8
536;GeForce 8600 GT Mac Edition;G84;Apr 17th, 2007;PCIe 1.0 x16;128 MB, GDDR3, 128 bit;600 MHz;750 MHz;32 / 16 / 8
537;GeForce 8600 GTS;G84;Apr 17th, 2007;PCIe 1.0 x16;256 MB, GDDR3, 128 bit;675 MHz;1000 MHz;32 / 16 / 8
538;GeForce 8600 GTS Mac Edition;G84;Sep 21st, 2007;PCIe 1.0 x16;512 MB, GDDR3, 128 bit;675 MHz;1008 MHz;32 / 16 / 8
539;GeForce 8600M GT;G84;Dec 31st, 2007;MXM-II;512 MB, DDR2, 128 bit;475 MHz;400 MHz;32 / 16 / 8
540;GeForce 8600M GT;G84;May 1st, 2007;MXM-II;512 MB, GDDR3, 128 bit;475 MHz;700 MHz;32 / 16 / 8
541;GeForce 8600M GT Mac Edition;G84;Oct 5th, 2007;MXM-II;512 MB, GDDR3, 128 bit;470 MHz;635 MHz;32 / 16 / 8
542;GeForce 8700M GT;G84;Jun 1st, 2007;MXM-HE;512 MB, GDDR3, 128 bit;625 MHz;800 MHz;32 / 16 / 8
543;GeForce 8800 GT;G92;Oct 29th, 2007;PCIe 2.0 x16;512 MB, GDDR3, 256 bit;600 MHz;900 MHz;112 / 56 / 16
544;GeForce 8800 GTS 320;G80;Feb 12th, 2007;PCIe 1.0 x16;320 MB, GDDR3, 320 bit;513 MHz;792 MHz;96 / 24 / 20
545;GeForce 8800 GTS 512;G92;Dec 11th, 2007;PCIe 2.0 x16;512 MB, GDDR3, 256 bit;650 MHz;820 MHz;128 / 64 / 16
546;GeForce 8800 GTS Core 112;G80;Nov 19th, 2007;PCIe 1.0 x16;640 MB, GDDR3, 320 bit;500 MHz;800 MHz;112 / 28 / 20
547;GeForce 8800 Ultra;G80;May 2nd, 2007;PCIe 1.0 x16;768 MB, GDDR3, 384 bit;612 MHz;1080 MHz;128 / 32 / 24
548;GeForce 8800M GTS;G92;Nov 1st, 2007;MXM-HE;512 MB, GDDR3, 256 bit;500 MHz;800 MHz;64 / 32 / 16
549;GeForce 8800M GTX;G92;Nov 1st, 2007;MXM-HE;512 MB, GDDR3, 256 bit;500 MHz;800 MHz;96 / 48 / 16
550;Quadro FX 1600M;G84;Jun 1st, 2007;MXM-HE;512 MB, GDDR3, 128 bit;625 MHz;800 MHz;32 / 16 / 8
551;Quadro FX 1700;G84;Sep 12th, 2007;PCIe 1.0 x16;512 MB, DDR2, 256 bit;460 MHz;400 MHz;32 / 16 / 8
552;Quadro FX 3500M;G71;Mar 1st, 2007;MXM-III;512 MB, GDDR3, 256 bit;575 MHz;600 MHz;24 / 8 / 24 / 16
553;Quadro FX 4600;G80;Mar 5th, 2007;PCIe 1.0 x16;768 MB, GDDR3, 384 bit;500 MHz;700 MHz;96 / 24 / 24
554;Quadro FX 4600 SDI;G80;Mar 5th, 2007;PCIe 1.0 x16;768 MB, GDDR3, 384 bit;500 MHz;700 MHz;96 / 24 / 24
555;Quadro FX 5600;G80;Mar 5th, 2007;PCIe 1.0 x16;1536 MB, GDDR3, 384 bit;600 MHz;800 MHz;128 / 32 / 24
556;Quadro FX 5600 Mac Edition;G80;Mar 5th, 2007;PCIe 1.0 x16;1536 MB, GDDR3, 384 bit;600 MHz;800 MHz;128 / 32 / 24
557;Quadro FX 570;G84;Sep 12th, 2007;PCIe 1.0 x16;256 MB, DDR2, 128 bit;460 MHz;400 MHz;16 / 8 / 8
558;Quadro FX 570M;G84;Jun 1st, 2007;PCIe 1.0 x16;512 MB, GDDR3, 128 bit;475 MHz;702 MHz;32 / 16 / 8
559;Quadro NVS 320M;G84;Jun 9th, 2007;MXM-HE;512 MB, GDDR3, 128 bit;575 MHz;700 MHz;32 / 16 / 8
560;FireStream 9170;RV670;Nov 8th, 2007;PCIe 2.0 x16;2 GB, GDDR3, 256 bit;777 MHz;802 MHz;320 / 16 / 16
561;FireGL V7600;R600;Aug 6th, 2007;PCIe 1.0 x16;512 MB, GDDR3, 256 bit;600 MHz;800 MHz;320 / 16 / 16
562;FireGL V7700;RV670;Nov 19th, 2007;PCIe 2.0 x16;512 MB, GDDR4, 256 bit;777 MHz;1126 MHz;320 / 16 / 16
563;FireGL V8600;R600;May 14th, 2007;PCIe 1.0 x16;1024 MB, GDDR4, 512 bit;688 MHz;868 MHz;320 / 16 / 16
564;FireGL V8650;R600;Aug 6th, 2007;PCIe 1.0 x16;2 GB, GDDR4, 512 bit;688 MHz;868 MHz;320 / 16 / 16
565;Radeon HD 2900 GT;R600;Nov 6th, 2007;PCIe 1.0 x16;256 MB, GDDR3, 256 bit;601 MHz;800 MHz;240 / 12 / 12
566;Radeon HD 2900 PRO;R600;Dec 12th, 2007;PCIe 1.0 x16;512 MB, GDDR3, 256 bit;600 MHz;800 MHz;320 / 16 / 16
567;Radeon HD 2900 XT;R600;May 14th, 2007;PCIe 1.0 x16;512 MB, GDDR3, 512 bit;743 MHz;828 MHz;320 / 16 / 16
568;Radeon HD 2900 XTX;R600;Never Released;PCIe 1.0 x16;512 MB, GDDR3, 512 bit;743 MHz;828 MHz;320 / 16 / 16
569;Radeon HD 2950 PRO;RV670;Never Released;PCIe 2.0 x16;256 MB, GDDR3, 256 bit;600 MHz;600 MHz;320 / 16 / 16
570;Radeon HD 2950 XTX;RV670;Never Released;PCIe 2.0 x16;512 MB, GDDR4, 256 bit;777 MHz;1126 MHz;320 / 16 / 16
571;Radeon HD 3850;RV670;Nov 19th, 2007;PCIe 2.0 x16;512 MB, GDDR3, 256 bit;668 MHz;830 MHz;320 / 16 / 16
572;Radeon HD 3870;RV670;Nov 19th, 2007;PCIe 2.0 x16;512 MB, GDDR4, 256 bit;777 MHz;1126 MHz;320 / 16 / 16
573;Radeon HD 3870 AGP;RV670;Never Released;AGP 8x;512 MB, GDDR4, 256 bit;777 MHz;1126 MHz;320 / 16 / 16
574;Radeon X1950 XTX Uber Edition;R580+;Jan 19th, 2007;PCIe 1.0 x16;512 MB, GDDR4, 256 bit;670 MHz;1050 MHz;48 / 8 / 16 / 16
575;GeForce 8800 GT;G92;Oct 29th, 2007;PCIe 2.0 x16;512 MB, GDDR3, 256 bit;600 MHz;900 MHz;112 / 56 / 16
576;GeForce 8800 GTS 320;G80;Feb 12th, 2007;PCIe 1.0 x16;320 MB, GDDR3, 320 bit;513 MHz;792 MHz;96 / 24 / 20
577;GeForce 8800 GTS 512;G92;Dec 11th, 2007;PCIe 2.0 x16;512 MB, GDDR3, 256 bit;650 MHz;820 MHz;128 / 64 / 16
578;GeForce 8800 GTS Core 112;G80;Nov 19th, 2007;PCIe 1.0 x16;640 MB, GDDR3, 320 bit;500 MHz;800 MHz;112 / 28 / 20
579;GeForce 8800 Ultra;G80;May 2nd, 2007;PCIe 1.0 x16;768 MB, GDDR3, 384 bit;612 MHz;1080 MHz;128 / 32 / 24
580;GeForce 8800M GTS;G92;Nov 1st, 2007;MXM-HE;512 MB, GDDR3, 256 bit;500 MHz;800 MHz;64 / 32 / 16
581;GeForce 8800M GTX;G92;Nov 1st, 2007;MXM-HE;512 MB, GDDR3, 256 bit;500 MHz;800 MHz;96 / 48 / 16
582;Quadro FX 4600;G80;Mar 5th, 2007;PCIe 1.0 x16;768 MB, GDDR3, 384 bit;500 MHz;700 MHz;96 / 24 / 24
583;Quadro FX 4600 SDI;G80;Mar 5th, 2007;PCIe 1.0 x16;768 MB, GDDR3, 384 bit;500 MHz;700 MHz;96 / 24 / 24
584;Quadro FX 5600;G80;Mar 5th, 2007;PCIe 1.0 x16;1536 MB, GDDR3, 384 bit;600 MHz;800 MHz;128 / 32 / 24
585;Quadro FX 5600 Mac Edition;G80;Mar 5th, 2007;PCIe 1.0 x16;1536 MB, GDDR3, 384 bit;600 MHz;800 MHz;128 / 32 / 24
586;No graphics cards found. Please change your search criteria.;;;;;;;
587;FireStream 9170;RV670;Nov 8th, 2007;PCIe 2.0 x16;2 GB, GDDR3, 256 bit;777 MHz;802 MHz;320 / 16 / 16
588;FireGL V7600;R600;Aug 6th, 2007;PCIe 1.0 x16;512 MB, GDDR3, 256 bit;600 MHz;800 MHz;320 / 16 / 16
589;FireGL V7700;RV670;Nov 19th, 2007;PCIe 2.0 x16;512 MB, GDDR4, 256 bit;777 MHz;1126 MHz;320 / 16 / 16
590;FireGL V8600;R600;May 14th, 2007;PCIe 1.0 x16;1024 MB, GDDR4, 512 bit;688 MHz;868 MHz;320 / 16 / 16
591;FireGL V8650;R600;Aug 6th, 2007;PCIe 1.0 x16;2 GB, GDDR4, 512 bit;688 MHz;868 MHz;320 / 16 / 16
592;Radeon HD 2900 PRO;R600;Dec 12th, 2007;PCIe 1.0 x16;512 MB, GDDR3, 256 bit;600 MHz;800 MHz;320 / 16 / 16
593;Radeon HD 2900 XT;R600;May 14th, 2007;PCIe 1.0 x16;512 MB, GDDR3, 512 bit;743 MHz;828 MHz;320 / 16 / 16
594;Radeon HD 2900 XTX;R600;Never Released;PCIe 1.0 x16;512 MB, GDDR3, 512 bit;743 MHz;828 MHz;320 / 16 / 16
595;Radeon HD 2950 PRO;RV670;Never Released;PCIe 2.0 x16;256 MB, GDDR3, 256 bit;600 MHz;600 MHz;320 / 16 / 16
596;Radeon HD 2950 XTX;RV670;Never Released;PCIe 2.0 x16;512 MB, GDDR4, 256 bit;777 MHz;1126 MHz;320 / 16 / 16
597;Radeon HD 3850;RV670;Nov 19th, 2007;PCIe 2.0 x16;512 MB, GDDR3, 256 bit;668 MHz;830 MHz;320 / 16 / 16
598;Radeon HD 3870;RV670;Nov 19th, 2007;PCIe 2.0 x16;512 MB, GDDR4, 256 bit;777 MHz;1126 MHz;320 / 16 / 16
599;Radeon HD 3870 AGP;RV670;Never Released;AGP 8x;512 MB, GDDR4, 256 bit;777 MHz;1126 MHz;320 / 16 / 16
600;GeForce 8800 GT;G92;Oct 29th, 2007;PCIe 2.0 x16;512 MB, GDDR3, 256 bit;600 MHz;900 MHz;112 / 56 / 16
601;GeForce 8800 GTS 320;G80;Feb 12th, 2007;PCIe 1.0 x16;320 MB, GDDR3, 320 bit;513 MHz;792 MHz;96 / 24 / 20
602;GeForce 8800 GTS 512;G92;Dec 11th, 2007;PCIe 2.0 x16;512 MB, GDDR3, 256 bit;650 MHz;820 MHz;128 / 64 / 16
603;GeForce 8800 GTS Core 112;G80;Nov 19th, 2007;PCIe 1.0 x16;640 MB, GDDR3, 320 bit;500 MHz;800 MHz;112 / 28 / 20
604;GeForce 8800 Ultra;G80;May 2nd, 2007;PCIe 1.0 x16;768 MB, GDDR3, 384 bit;612 MHz;1080 MHz;128 / 32 / 24
605;Quadro FX 4600;G80;Mar 5th, 2007;PCIe 1.0 x16;768 MB, GDDR3, 384 bit;500 MHz;700 MHz;96 / 24 / 24
606;Quadro FX 4600 SDI;G80;Mar 5th, 2007;PCIe 1.0 x16;768 MB, GDDR3, 384 bit;500 MHz;700 MHz;96 / 24 / 24
607;Quadro FX 5600;G80;Mar 5th, 2007;PCIe 1.0 x16;1536 MB, GDDR3, 384 bit;600 MHz;800 MHz;128 / 32 / 24
608;Quadro FX 5600 Mac Edition;G80;Mar 5th, 2007;PCIe 1.0 x16;1536 MB, GDDR3, 384 bit;600 MHz;800 MHz;128 / 32 / 24
609;No graphics cards found. Please change your search criteria.;;;;;;;
610;No graphics cards found. Please change your search criteria.;;;;;;;
611;No graphics cards found. Please change your search criteria.;;;;;;;
612;FirePro V8700 Duo;RV770;Never Released;PCIe 2.0 x16;1024 MB, GDDR5, 256 bit;750 MHz;850 MHz;800 / 40 / 16
613;Radeon HD 3830;RV670;Apr 1st, 2008;PCIe 2.0 x16;256 MB, GDDR3, 128 bit;668 MHz;828 MHz;320 / 16 / 16
614;GeForce 8800 GS Mac Edition;G92;Jan 31st, 2008;MXM-HE;512 MB, GDDR3, 256 bit;500 MHz;799 MHz;64 / 32 / 16
615;Quadro Plex 1000 Model II;G70;Jul 25th, 2008;PCIe 1.0 x16;512 MB, GDDR3, 256 bit;470 MHz;525 MHz;24 / 8 / 24 / 16
616;Quadro Plex 1000 Model IV;G80;Jul 25th, 2008;PCIe 1.0 x16;1536 MB, GDDR3, 384 bit;600 MHz;800 MHz;128 / 32 / 24
617;Quadro Plex 2100 D4;G92;Jul 25th, 2008;PCIe 2.0 x16;1024 MB, GDDR3, 256 bit;500 MHz;800 MHz;128 / 64 / 16
618;Quadro Plex 2100 S4;G80;Jul 25th, 2008;PCIe 1.0 x16;1536 MB, GDDR3, 384 bit;600 MHz;800 MHz;128 / 32 / 24
619;Quadro Plex 2200 D2;GT200B;Jul 25th, 2008;PCIe 2.0 x16;4 GB, GDDR3, 512 bit;648 MHz;800 MHz;240 / 80 / 32
620;Quadro Plex 2200 S4;GT200B;Jul 25th, 2008;PCIe 2.0 x16;4 GB, GDDR3, 512 bit;648 MHz;800 MHz;240 / 80 / 32
621;Tesla M1060;GT200B;Jun 1st, 2008;PCIe 2.0 x16;2 GB, GDDR3, 512 bit;610 MHz;800 MHz;240 / 80 / 32
622;Tesla S1070;GT200B;Jun 1st, 2008;PCIe 2.0 x16;4 GB, GDDR3, 512 bit;610 MHz;800 MHz;240 / 80 / 32
623;Tesla S1075;GT200B;Jun 1st, 2008;PCIe 2.0 x16;4 GB, GDDR3, 512 bit;610 MHz;800 MHz;240 / 80 / 32
624;FireMV 2260;RV620;2008;PCIe 2.0 x16;256 MB, DDR2, 64 bit;500 MHz;500 MHz;40 / 4 / 4
625;FireMV 2260 PCIe x1;RV620;2008;PCIe 2.0 x1;256 MB, DDR2, 64 bit;500 MHz;500 MHz;40 / 4 / 4
626;FireMV 2400 PCI;RV380;2008;PCI;128 MB, DDR, 128 bit;500 MHz;500 MHz;4 / 2 / 4 / 4
627;FireMV 2400 PCIe x1;RV380;2008;PCIe 2.0 x1;64 MB, DDR3, 128 bit;250 MHz;203 MHz;4 / 2 / 4 / 4
628;FirePro 2260 PCI;RV620;2008;PCI;256 MB, DDR2, 64 bit;500 MHz;500 MHz;40 / 4 / 4
629;Mobility Radeon HD 3410;M82;Jul 25th, 2008;MXM-II;256 MB, DDR2, 64 bit;400 MHz;400 MHz;40 / 4 / 4
630;Mobility Radeon HD 3430;M82;Jul 25th, 2008;MXM-II;256 MB, DDR2, 64 bit;450 MHz;400 MHz;40 / 4 / 4
631;Mobility Radeon HD 3450;M82;Jan 7th, 2008;MXM-II;256 MB, DDR2, 64 bit;500 MHz;400 MHz;40 / 4 / 4
632;Radeon 2100 IGP;RS740;Mar 4th, 2008;PCIe 1.0 x16;System Shared;400 MHz;System Shared;4 / 2 / 4 / 4
633;Radeon 3100 IGP;RS780;Mar 4th, 2008;PCIe 1.0 x16;System Shared;350 MHz;System Shared;40 / 4 / 4
634;Radeon 3100 Mobile IGP;RS780;Aug 15th, 2008;PCIe 1.0 x16;System Shared;350 MHz;System Shared;40 / 4 / 4
635;Radeon HD 2400;RV610;Feb 19th, 2008;PCIe 1.0 x16;256 MB, DDR2, 64 bit;398 MHz;495 MHz;40 / 4 / 4
636;Radeon HD 3200 IGP;RS780;Mar 4th, 2008;PCIe 1.0 x16;System Shared;500 MHz;System Shared;40 / 4 / 4
637;Radeon HD 3300 IGP;RS780;Aug 6th, 2008;PCIe 1.0 x16;System Shared;500 MHz;System Shared;40 / 4 / 4
638;Radeon HD 3550;RV620;Aug 4th, 2008;PCIe 2.0 x16;512 MB, DDR2, 64 bit;594 MHz;396 MHz;40 / 4 / 4
639;Radeon Xpress 2100 IGP;RS780;Mar 4th, 2008;PCIe 1.0 x16;System Shared;500 MHz;System Shared;40 / 4 / 4
640;GMA 3600;Cedarview;Oct 1st, 2008;PCI;System Shared;400 MHz;System Shared;32 / 4 / 1
641;GMA 3650;Cedarview;Oct 1st, 2008;PCI;System Shared;640 MHz;System Shared;32 / 4 / 1
642;GMA 500;Poulsbo;Mar 2nd, 2008;PCIe 1.0 x16;System Shared;200 MHz;System Shared;32 / 4 / 1
643;GMA X4500;Eaglelake;Jun 1st, 2008;FSB;System Shared;533 MHz;System Shared;80 / 10 / 1
644;GMA X4500M;Eaglelake;Oct 1st, 2008;FSB;System Shared;400 MHz;System Shared;80 / 10 / 1
645;GMA X4500MHD;Cantiga;Sep 1st, 2008;FSB;System Shared;533 MHz;System Shared;80 / 10 / 1
646;GMA X4700MHD;Montevina;Oct 1st, 2008;FSB;System Shared;640 MHz;System Shared;80 / 10 / 1
647;GeForce 6200 PCI;NV44;Jan 16th, 2008;PCI;256 MB, DDR2, 64 bit;280 MHz;200 MHz;4 / 3 / 4 / 2
648;GeForce 6200 X2 PCI;NV44;Jan 16th, 2008;PCI;256 MB, DDR2, 64 bit;280 MHz;200 MHz;4 / 3 / 4 / 2
649;GeForce 7050 + nForce 610i ;C73;Jan 13th, 2008;PCI;System Shared;500 MHz;System Shared;2 / 1 / 2 / 2
650;GeForce 8200M G mGPU AMD;C77;Jun 3rd, 2008;PCIe 2.0 x16;System Shared;400 MHz;System Shared;16 / 4 / 4
651;GeForce 8200M G mGPU Intel;C79;Jun 3rd, 2008;PCIe 2.0 x16;System Shared;400 MHz;System Shared;16 / 8 / 4
652;GeForce 8400 SE;G86;Aug 1st, 2008;PCIe 2.0 x16;128 MB, DDR2, 64 bit;459 MHz;400 MHz;16 / 8 / 4
653;GeForce 9100M G mGPU AMD;C77;Jul 29th, 2008;PCIe 2.0 x16;System Shared;450 MHz;System Shared;16 / 4 / 4
654;GeForce 9100M G mGPU Intel;C79;Jul 29th, 2008;PCIe 2.0 x16;System Shared;450 MHz;System Shared;8 / 8 / 4
655;GeForce 9200M;C79;Oct 15th, 2008;PCIe 2.0 x16;System Shared;450 MHz;System Shared;16 / 8 / 4
656;GeForce 9200M GS;G98;Jun 3rd, 2008;PCIe 2.0 x16;256 MB, DDR2, 64 bit;529 MHz;400 MHz;8 / 4 / 4
657;GeForce 9300 GE;G98;Jun 1st, 2008;PCIe 2.0 x16;256 MB, DDR2, 64 bit;540 MHz;400 MHz;8 / 4 / 4
658;GeForce 9300 GS;G98;Jun 1st, 2008;PCIe 2.0 x16;512 MB, DDR2, 64 bit;567 MHz;333 MHz;8 / 4 / 4
659;GeForce 9300 SE;G98;Jun 1st, 2008;PCIe 2.0 x16;256 MB, DDR2, 64 bit;540 MHz;400 MHz;8 / 4 / 4
660;GeForce 9300M G;G86;Feb 1st, 2008;PCIe 2.0 x16;256 MB, DDR2, 64 bit;400 MHz;400 MHz;16 / 8 / 4
661;GeForce 9300M GS DDR2;G98;Jun 4th, 2008;MXM-I;256 MB, DDR2, 64 bit;580 MHz;400 MHz;8 / 4 / 4
662;GeForce 9300M GS GDDR3;G98;Jun 4th, 2008;MXM-I;256 MB, GDDR3, 64 bit;580 MHz;702 MHz;8 / 4 / 4
663;GeForce 9400 GT;G96C;Aug 27th, 2008;PCIe 2.0 x16;512 MB, DDR2, 128 bit;550 MHz;400 MHz;16 / 8 / 4
664;GeForce 9400 GT;G86;Aug 1st, 2008;PCIe 2.0 x16;128 MB, DDR2, 64 bit;459 MHz;600 MHz;16 / 8 / 4
665;GeForce 9400 GT PCI;G96C;Aug 27th, 2008;PCI;256 MB, DDR2, 128 bit;550 MHz;400 MHz;16 / 8 / 4
666;GeForce 9400 GT Rev. 2;G96C;Aug 27th, 2008;PCIe 2.0 x16;512 MB, GDDR3, 128 bit;550 MHz;400 MHz;16 / 8 / 4
667;GeForce 9400M;C79;Oct 15th, 2008;PCIe 2.0 x16;System Shared;580 MHz;System Shared;16 / 8 / 4
668;GeForce 9400M;C79;Oct 15th, 2008;PCIe 2.0 x16;System Shared;450 MHz;System Shared;16 / 8 / 4
669;GeForce 9400M G;C79;Oct 15th, 2008;PCIe 2.0 x16;System Shared;450 MHz;System Shared;16 / 8 / 4
670;ION;ION;Jun 3rd, 2008;PCI;System Shared;575 MHz;System Shared;16 / 8 / 4
671;ION;C7A-ION;Jun 3rd, 2008;PCI;System Shared;450 MHz;System Shared;16 / 8 / 4
672;ION;C79;Jun 3rd, 2008;PCI;System Shared;450 MHz;System Shared;16 / 8 / 4
673;ION;ION;Jun 3rd, 2008;PCI;System Shared;450 MHz;System Shared;16 / 8 / 4
674;ION;GT218;Jun 3rd, 2008;PCIe 2.0 x16;System Shared;500 MHz;System Shared;16 / 8 / 4
675;ION 2;GT218;Jun 3rd, 2008;PCIe 2.0 x16;System Shared;500 MHz;System Shared;16 / 8 / 4
676;ION HX;ION;Jun 3rd, 2008;PCI;System Shared;450 MHz;System Shared;16 / 8 / 4
677;ION LE;ION;Jun 3rd, 2008;PCI;System Shared;450 MHz;System Shared;16 / 8 / 4
678;Quadro FX 370 LP;G98;Nov 6th, 2008;PCIe 1.0 x16;256 MB, DDR2, 64 bit;540 MHz;500 MHz;8 / 4 / 4
679;Quadro FX 370M;G98;Aug 15th, 2008;MXM-II;256 MB, GDDR3, 64 bit;580 MHz;400 MHz;8 / 4 / 4
680;Quadro NVS 150M;G98;Aug 15th, 2008;MXM-I;256 MB, GDDR3, 64 bit;530 MHz;700 MHz;8 / 4 / 4
681;Quadro NVS 160M;G98;Aug 15th, 2008;MXM-I;256 MB, GDDR3, 64 bit;580 MHz;700 MHz;8 / 4 / 4
682;Quadro NVS 450;G98;Nov 11th, 2008;PCIe 1.0 x16;256 MB, GDDR3, 64 bit;480 MHz;700 MHz;8 / 4 / 4
683;FireStream 9250;RV770;Jun 16th, 2008;PCIe 2.0 x16;1024 MB, GDDR3, 256 bit;625 MHz;993 MHz;800 / 40 / 16
684;FireStream 9270;RV770;Nov 13th, 2008;PCIe 2.0 x16;2 GB, GDDR5, 256 bit;750 MHz;900 MHz;800 / 40 / 16
685;All-In-Wonder HD 3650;RV635;Jun 28th, 2008;PCIe 2.0 x16;512 MB, DDR2, 128 bit;722 MHz;594 MHz;120 / 8 / 4
686;FirePro V3700;RV620;Aug 8th, 2008;PCIe 2.0 x16;256 MB, GDDR3, 64 bit;800 MHz;950 MHz;40 / 4 / 4
687;FirePro V3750;RV730;Sep 11th, 2008;PCIe 2.0 x16;256 MB, GDDR3, 128 bit;550 MHz;700 MHz;320 / 32 / 8
688;FirePro V5700;RV730;Aug 8th, 2008;PCIe 2.0 x16;512 MB, GDDR3, 128 bit;700 MHz;900 MHz;320 / 32 / 8
689;FirePro V8700;RV770;Sep 11th, 2008;PCIe 2.0 x16;1024 MB, GDDR5, 256 bit;750 MHz;850 MHz;800 / 40 / 16
690;FirePro V8750;RV770;Jul 28th, 2008;PCIe 2.0 x16;2 GB, GDDR5, 256 bit;750 MHz;900 MHz;800 / 40 / 16
691;Mobility Radeon HD 3850;M88;Jun 4th, 2008;PCIe 2.0 x16;512 MB, GDDR3, 256 bit;580 MHz;750 MHz;320 / 16 / 16
692;Mobility Radeon HD 3850 X2;M88;Jun 4th, 2008;PCIe 2.0 x16;512 MB, GDDR3, 256 bit;580 MHz;750 MHz;320 / 16 / 16
693;Mobility Radeon HD 3870;M88;Jun 4th, 2008;PCIe 2.0 x16;512 MB, GDDR3, 256 bit;660 MHz;850 MHz;320 / 16 / 16
694;Mobility Radeon HD 3870 X2;M88;Sep 1st, 2008;PCIe 2.0 x16;512 MB, GDDR3, 256 bit;660 MHz;850 MHz;320 / 16 / 16
695;Radeon HD 2600 XT Mac Edition;RV630;Feb 21st, 2008;PCIe 1.0 x16;256 MB, GDDR3, 128 bit;700 MHz;800 MHz;120 / 8 / 4
696;Radeon HD 3450 AGP;RV620;Jan 23rd, 2008;AGP 8x;512 MB, DDR2, 64 bit;600 MHz;500 MHz;40 / 4 / 4
697;Radeon HD 3450 PCI;RV620;Jan 23rd, 2008;PCI;512 MB, DDR2, 64 bit;600 MHz;400 MHz;40 / 4 / 4
698;Radeon HD 3470;RV620;Jan 23rd, 2008;PCIe 2.0 x16;256 MB, GDDR3, 64 bit;800 MHz;950 MHz;40 / 4 / 4
699;Radeon HD 3650;RV635;Jan 20th, 2008;PCIe 2.0 x16;256 MB, GDDR3, 128 bit;725 MHz;800 MHz;120 / 8 / 4
700;Radeon HD 3650 AGP;RV635;Jan 23rd, 2008;AGP 8x;512 MB, DDR2, 128 bit;725 MHz;500 MHz;120 / 8 / 4
701;Radeon HD 3690;RV670;Mar 30th, 2008;PCIe 2.0 x16;256 MB, GDDR3, 128 bit;670 MHz;830 MHz;320 / 16 / 16
702;Radeon HD 3730;RV635;Oct 5th, 2008;PCIe 2.0 x16;512 MB, DDR2, 128 bit;722 MHz;396 MHz;120 / 8 / 4
703;Radeon HD 3750;RV635;Sep 11th, 2008;PCIe 2.0 x16;512 MB, GDDR3, 128 bit;796 MHz;693 MHz;120 / 8 / 4
704;Radeon HD 3850 X2;RV670;Apr 4th, 2008;PCIe 2.0 x16;512 MB, GDDR3, 256 bit;669 MHz;828 MHz;320 / 16 / 16
705;Radeon HD 3850 X3;RV670;Never Released;PCIe 2.0 x16;512 MB, GDDR3, 256 bit;669 MHz;850 MHz;320 / 16 / 16
706;Radeon HD 3870 Mac Edition;RV670;Jun 12th, 2008;PCIe 2.0 x16;512 MB, GDDR4, 256 bit;777 MHz;1126 MHz;320 / 16 / 16
707;Radeon HD 3870 X2;R680;Jan 26th, 2008;PCIe 2.0 x16;512 MB, GDDR3, 256 bit;825 MHz;901 MHz;320 / 16 / 16
708;Radeon HD 4350;RV710;Sep 30th, 2008;PCIe 2.0 x16;512 MB, DDR3, 64 bit;600 MHz;400 MHz;80 / 8 / 4
709;Radeon HD 4350 AGP;RV710;Sep 30th, 2008;AGP 8x;512 MB, DDR3, 64 bit;600 MHz;650 MHz;80 / 8 / 4
710;Radeon HD 4350 PCI;RV710;Sep 30th, 2008;PCI;512 MB, DDR2, 64 bit;600 MHz;400 MHz;80 / 8 / 4
711;Radeon HD 4350 PCIe x1;RV710;Sep 30th, 2008;PCIe 2.0 x1;512 MB, DDR2, 64 bit;600 MHz;400 MHz;80 / 8 / 4
712;Radeon HD 4550;RV710;Sep 30th, 2008;PCIe 2.0 x16;256 MB, DDR2, 64 bit;600 MHz;655 MHz;80 / 8 / 4
713;Radeon HD 4570;RV710;Nov 25th, 2008;PCIe 2.0 x16;1024 MB, DDR2, 64 bit;650 MHz;500 MHz;80 / 8 / 4
714;Radeon HD 4650;RV730;Sep 10th, 2008;PCIe 2.0 x16;256 MB, GDDR3, 128 bit;600 MHz;700 MHz;320 / 32 / 8
715;Radeon HD 4650 AGP;RV730;Sep 10th, 2008;AGP 8x;512 MB, DDR2, 128 bit;600 MHz;400 MHz;320 / 32 / 8
716;Radeon HD 4670;RV730;Sep 10th, 2008;PCIe 2.0 x16;512 MB, GDDR3, 128 bit;750 MHz;1000 MHz;320 / 32 / 8
717;Radeon HD 4670 X2;RV730;Sep 10th, 2008;PCIe 2.0 x16;512 MB, GDDR3, 128 bit;750 MHz;700 MHz;320 / 32 / 8
718;Radeon HD 4710;RV730;Sep 10th, 2008;PCIe 2.0 x16;1024 MB, GDDR3, 128 bit;750 MHz;800 MHz;320 / 32 / 8
719;Radeon HD 4730 OEM;RV670;Dec 26th, 2008;PCIe 2.0 x16;1024 MB, DDR2, 256 bit;669 MHz;396 MHz;320 / 16 / 16
720;Radeon HD 4830;RV770;Oct 21st, 2008;PCIe 2.0 x16;512 MB, GDDR3, 256 bit;575 MHz;900 MHz;640 / 32 / 16
721;Radeon HD 4850;RV770;Jun 25th, 2008;PCIe 2.0 x16;512 MB, GDDR3, 256 bit;625 MHz;993 MHz;800 / 40 / 16
722;Radeon HD 4850 X2;R700;Nov 7th, 2008;PCIe 2.0 x16;512 MB, GDDR3, 256 bit;625 MHz;995 MHz;800 / 40 / 16
723;Radeon HD 4870;RV770;Jun 25th, 2008;PCIe 2.0 x16;512 MB, GDDR5, 256 bit;750 MHz;900 MHz;800 / 40 / 16
724;Radeon HD 4870 X2;R700;Aug 12th, 2008;PCIe 2.0 x16;1024 MB, GDDR5, 256 bit;750 MHz;900 MHz;800 / 40 / 16
725;Radeon X1050;RV410;Jan 25th, 2008;PCIe 1.0 x16;128 MB, DDR, 64 bit;400 MHz;200 MHz;8 / 6 / 8 / 8
726;Xbox 360 GPU 65nm;Xenos Jasper;Aug 1st, 2008;IGP;512 MB, GDDR3, 128 bit;500 MHz;700 MHz;240 / 16 / 8
727;GeForce 8800 GS;G92;Jan 31st, 2008;PCIe 1.0 x16;384 MB, GDDR3, 192 bit;550 MHz;800 MHz;96 / 48 / 12
728;GeForce 8800 GT Mac Edition;G92;Feb 1st, 2008;PCIe 2.0 x16;512 MB, GDDR3, 256 bit;600 MHz;900 MHz;112 / 56 / 16
729;GeForce 9500 GS;G96;Jul 29th, 2008;PCIe 2.0 x16;512 MB, DDR2, 128 bit;550 MHz;504 MHz;32 / 16 / 8
730;GeForce 9500 GS Rev. 2;G96C;Jul 29th, 2008;PCIe 2.0 x16;512 MB, DDR2, 128 bit;500 MHz;500 MHz;32 / 16 / 8
731;GeForce 9500 GT;G96;Jul 29th, 2008;PCIe 2.0 x16;512 MB, GDDR3, 128 bit;600 MHz;1000 MHz;32 / 16 / 8
732;GeForce 9500 GT Rev. 2;G96B;Jul 29th, 2008;PCIe 2.0 x16;512 MB, GDDR3, 128 bit;600 MHz;900 MHz;32 / 16 / 8
733;GeForce 9500 GT Rev. 3;G96C;Jul 29th, 2008;PCIe 2.0 x16;512 MB, GDDR3, 128 bit;550 MHz;800 MHz;32 / 16 / 8
734;GeForce 9500M G;G96;Jun 3rd, 2008;PCIe 2.0 x16;512 MB, GDDR3, 128 bit;500 MHz;800 MHz;16 / 8 / 8
735;GeForce 9500M GS;G84;Feb 1st, 2008;PCIe 1.0 x16;512 MB, GDDR3, 128 bit;475 MHz;700 MHz;32 / 16 / 8
736;GeForce 9600 GS OEM;G94;Jul 29th, 2008;PCIe 2.0 x16;768 MB, DDR2, 192 bit;500 MHz;1000 MHz;48 / 24 / 12
737;GeForce 9600 GSO;G92;Apr 28th, 2008;PCIe 2.0 x16;384 MB, GDDR3, 192 bit;550 MHz;800 MHz;96 / 48 / 12
738;GeForce 9600 GSO 512;G94;Oct 23rd, 2008;PCIe 2.0 x16;512 MB, GDDR3, 256 bit;650 MHz;900 MHz;48 / 24 / 16
739;GeForce 9600 GT;G94;Feb 21st, 2008;PCIe 2.0 x16;512 MB, GDDR3, 256 bit;650 MHz;900 MHz;64 / 32 / 16
740;GeForce 9600 GT Green Edition;G94;Feb 21st, 2008;PCIe 2.0 x16;512 MB, GDDR3, 256 bit;600 MHz;700 MHz;64 / 32 / 16
741;GeForce 9600 GT Mac Edition;G94;Dec 22nd, 2008;PCIe 2.0 x16;1024 MB, DDR2, 256 bit;600 MHz;266 MHz;64 / 32 / 16
742;GeForce 9600M GS;G96C;Jun 3rd, 2008;MXM-II;1024 MB, GDDR3, 128 bit;430 MHz;800 MHz;32 / 16 / 8
743;GeForce 9600M GT;G96C;Jun 4th, 2008;MXM-II;512 MB, GDDR3, 128 bit;500 MHz;792 MHz;32 / 16 / 8
744;GeForce 9600M GT Mac Edition;G96C;Oct 25th, 2008;MXM-II;512 MB, GDDR3, 128 bit;500 MHz;792 MHz;32 / 16 / 8
745;GeForce 9650M GS;G84;Mar 13th, 2008;PCIe 2.0 x16;512 MB, GDDR3, 128 bit;625 MHz;800 MHz;32 / 16 / 8
746;GeForce 9650M GT;G96C;Aug 19th, 2008;MXM-II;1024 MB, GDDR3, 128 bit;550 MHz;800 MHz;32 / 16 / 8
747;GeForce 9700M GT;G96;Jul 29th, 2008;MXM-II;512 MB, GDDR3, 128 bit;625 MHz;800 MHz;32 / 16 / 8
748;GeForce 9700M GTS;G94;Jul 29th, 2008;PCIe 2.0 x16;512 MB, GDDR3, 256 bit;530 MHz;800 MHz;48 / 24 / 16
749;GeForce 9800 GT;G92;Jul 21st, 2008;PCIe 2.0 x16;512 MB, GDDR3, 256 bit;600 MHz;900 MHz;112 / 56 / 16
750;GeForce 9800 GT;G92B;Jul 21st, 2008;PCIe 2.0 x16;512 MB, GDDR3, 256 bit;600 MHz;900 MHz;112 / 56 / 16
751;GeForce 9800 GT Rebrand;G92;Jul 21st, 2008;PCIe 2.0 x16;512 MB, GDDR3, 256 bit;725 MHz;1000 MHz;128 / 64 / 16
752;GeForce 9800 GTX;G92;Mar 28th, 2008;PCIe 2.0 x16;512 MB, GDDR3, 256 bit;675 MHz;1100 MHz;128 / 64 / 16
753;GeForce 9800 GX2;G92;Mar 18th, 2008;PCIe 2.0 x16;512 MB, GDDR3, 256 bit;600 MHz;1000 MHz;128 / 64 / 16
754;GeForce 9800M GS;G94;Nov 1st, 2008;PCIe 2.0 x16;512 MB, GDDR3, 256 bit;530 MHz;800 MHz;64 / 32 / 16
755;GeForce 9800M GT;G92;Jul 29th, 2008;PCIe 2.0 x16;512 MB, GDDR3, 256 bit;500 MHz;800 MHz;96 / 48 / 16
756;GeForce 9800M GTS;G94;Jul 29th, 2008;PCIe 2.0 x16;512 MB, GDDR3, 256 bit;600 MHz;800 MHz;64 / 32 / 16
757;GeForce 9800M GTS;G94;Aug 21st, 2008;PCIe 2.0 x16;1024 MB, GDDR3, 256 bit;600 MHz;800 MHz;64 / 32 / 16
758;GeForce 9800M GTX;G92;Jul 15th, 2008;PCIe 2.0 x16;1024 MB, GDDR3, 256 bit;500 MHz;800 MHz;112 / 56 / 16
759;GeForce 9800S;G94;Jul 15th, 2008;PCIe 2.0 x16;512 MB, GDDR3, 256 bit;600 MHz;799 MHz;64 / 32 / 16
760;GeForce GT 120M Mac Edition;G96C;Dec 12th, 2008;PCIe 2.0 x16;256 MB, GDDR3, 128 bit;500 MHz;792 MHz;32 / 16 / 8
761;GeForce GT 130 Mac Edition;G94B;Dec 12th, 2008;PCIe 2.0 x16;512 MB, GDDR3, 192 bit;600 MHz;792 MHz;48 / 24 / 12
762;GeForce GTX 260;GT200;Jun 16th, 2008;PCIe 2.0 x16;896 MB, GDDR3, 448 bit;576 MHz;999 MHz;192 / 64 / 28
763;GeForce GTX 260 Core 216;GT200;Sep 16th, 2008;PCIe 2.0 x16;896 MB, GDDR3, 448 bit;576 MHz;999 MHz;216 / 72 / 28
764;GeForce GTX 260 Core 216 Rev. 2;GT200B;Nov 27th, 2008;PCIe 2.0 x16;896 MB, GDDR3, 448 bit;576 MHz;999 MHz;216 / 72 / 28
765;GeForce GTX 260 Rev. 2;GT200B;Jul 23rd, 2008;PCIe 2.0 x16;896 MB, GDDR3, 448 bit;576 MHz;999 MHz;192 / 64 / 28
766;GeForce GTX 280;GT200;Jun 16th, 2008;PCIe 2.0 x16;1024 MB, GDDR3, 512 bit;602 MHz;1107 MHz;240 / 80 / 32
767;GeForce GTX 285;GT200B;Dec 23rd, 2008;PCIe 2.0 x16;1024 MB, GDDR3, 512 bit;648 MHz;1242 MHz;240 / 80 / 32
768;Playstation 3 GPU 65nm;RSX-65nm;Aug 2008;IGP;256 MB, GDDR3, 128 bit;550 MHz;650 MHz;24 / 8 / 24 / 8
769;Quadro CX;GT200B;Nov 11th, 2008;PCIe 2.0 x16;1536 MB, GDDR3, 384 bit;602 MHz;800 MHz;192 / 64 / 24
770;Quadro FX 1700 Mac Edition;G84;Sep 27th, 2008;PCIe 1.0 x16;512 MB, GDDR3, 128 bit;520 MHz;650 MHz;32 / 16 / 8
771;Quadro FX 1700M;G96;Oct 1st, 2008;MXM-II;512 MB, GDDR3, 128 bit;625 MHz;800 MHz;32 / 16 / 8
772;Quadro FX 2700M;G94;Aug 14th, 2008;MXM-HE;512 MB, GDDR3, 256 bit;530 MHz;799 MHz;48 / 24 / 16
773;Quadro FX 3600M;G92;Feb 23rd, 2008;MXM-HE;512 MB, GDDR3, 256 bit;500 MHz;799 MHz;64 / 32 / 16
774;Quadro FX 3600M;G92;Feb 23rd, 2008;MXM-HE;512 MB, GDDR3, 256 bit;500 MHz;800 MHz;96 / 48 / 16
775;Quadro FX 3700;G92;Jan 8th, 2008;PCIe 2.0 x16;512 MB, GDDR3, 256 bit;500 MHz;800 MHz;112 / 56 / 16
776;Quadro FX 3700M;G92;Aug 14th, 2008;MXM-HE;1024 MB, GDDR3, 256 bit;550 MHz;800 MHz;128 / 64 / 16
777;Quadro FX 3800M;G92;Aug 14th, 2008;MXM-B (3.0);1024 MB, GDDR3, 256 bit;675 MHz;1000 MHz;128 / 64 / 16
778;Quadro FX 4700 X2;G92;Apr 18th, 2008;PCIe 2.0 x16;1024 MB, GDDR3, 256 bit;600 MHz;800 MHz;128 / 64 / 16
779;Quadro FX 4800;GT200B;Nov 11th, 2008;PCIe 2.0 x16;1536 MB, GDDR3, 384 bit;602 MHz;800 MHz;192 / 64 / 24
780;Quadro FX 4800 Mac Edition;GT200B;Nov 11th, 2008;PCIe 2.0 x16;1536 MB, GDDR3, 384 bit;602 MHz;800 MHz;192 / 64 / 24
781;Quadro FX 5800;GT200B;Nov 11th, 2008;PCIe 2.0 x16;4 GB, GDDR3, 512 bit;610 MHz;800 MHz;240 / 80 / 32
782;Quadro FX 770M;G96;Aug 14th, 2008;MXM-II;512 MB, GDDR3, 128 bit;500 MHz;800 MHz;32 / 16 / 8
783;Quadro VX 200;G92;Jan 8th, 2008;PCIe 2.0 x16;512 MB, GDDR3, 256 bit;450 MHz;800 MHz;112 / 56 / 16
784;FireStream 9250;RV770;Jun 16th, 2008;PCIe 2.0 x16;1024 MB, GDDR3, 256 bit;625 MHz;993 MHz;800 / 40 / 16
785;FireStream 9270;RV770;Nov 13th, 2008;PCIe 2.0 x16;2 GB, GDDR5, 256 bit;750 MHz;900 MHz;800 / 40 / 16
786;FirePro V3750;RV730;Sep 11th, 2008;PCIe 2.0 x16;256 MB, GDDR3, 128 bit;550 MHz;700 MHz;320 / 32 / 8
787;FirePro V5700;RV730;Aug 8th, 2008;PCIe 2.0 x16;512 MB, GDDR3, 128 bit;700 MHz;900 MHz;320 / 32 / 8
788;FirePro V8700;RV770;Sep 11th, 2008;PCIe 2.0 x16;1024 MB, GDDR5, 256 bit;750 MHz;850 MHz;800 / 40 / 16
789;FirePro V8750;RV770;Jul 28th, 2008;PCIe 2.0 x16;2 GB, GDDR5, 256 bit;750 MHz;900 MHz;800 / 40 / 16
790;Mobility Radeon HD 3850;M88;Jun 4th, 2008;PCIe 2.0 x16;512 MB, GDDR3, 256 bit;580 MHz;750 MHz;320 / 16 / 16
791;Mobility Radeon HD 3850 X2;M88;Jun 4th, 2008;PCIe 2.0 x16;512 MB, GDDR3, 256 bit;580 MHz;750 MHz;320 / 16 / 16
792;Mobility Radeon HD 3870;M88;Jun 4th, 2008;PCIe 2.0 x16;512 MB, GDDR3, 256 bit;660 MHz;850 MHz;320 / 16 / 16
793;Mobility Radeon HD 3870 X2;M88;Sep 1st, 2008;PCIe 2.0 x16;512 MB, GDDR3, 256 bit;660 MHz;850 MHz;320 / 16 / 16
794;Radeon HD 3690;RV670;Mar 30th, 2008;PCIe 2.0 x16;256 MB, GDDR3, 128 bit;670 MHz;830 MHz;320 / 16 / 16
795;Radeon HD 3850 AGP;RV670;Jan 3rd, 2008;AGP 8x;512 MB, GDDR3, 256 bit;668 MHz;828 MHz;320 / 16 / 16
796;Radeon HD 3850 X2;RV670;Apr 4th, 2008;PCIe 2.0 x16;512 MB, GDDR3, 256 bit;669 MHz;828 MHz;320 / 16 / 16
797;Radeon HD 3850 X3;RV670;Never Released;PCIe 2.0 x16;512 MB, GDDR3, 256 bit;669 MHz;850 MHz;320 / 16 / 16
798;Radeon HD 3870 Mac Edition;RV670;Jun 12th, 2008;PCIe 2.0 x16;512 MB, GDDR4, 256 bit;777 MHz;1126 MHz;320 / 16 / 16
799;Radeon HD 3870 X2;R680;Jan 26th, 2008;PCIe 2.0 x16;512 MB, GDDR3, 256 bit;825 MHz;901 MHz;320 / 16 / 16
800;Radeon HD 4650;RV730;Sep 10th, 2008;PCIe 2.0 x16;256 MB, GDDR3, 128 bit;600 MHz;700 MHz;320 / 32 / 8
801;Radeon HD 4650 AGP;RV730;Sep 10th, 2008;AGP 8x;512 MB, DDR2, 128 bit;600 MHz;400 MHz;320 / 32 / 8
802;Radeon HD 4670;RV730;Sep 10th, 2008;PCIe 2.0 x16;512 MB, GDDR3, 128 bit;750 MHz;1000 MHz;320 / 32 / 8
803;Radeon HD 4670 X2;RV730;Sep 10th, 2008;PCIe 2.0 x16;512 MB, GDDR3, 128 bit;750 MHz;700 MHz;320 / 32 / 8
804;Radeon HD 4710;RV730;Sep 10th, 2008;PCIe 2.0 x16;1024 MB, GDDR3, 128 bit;750 MHz;800 MHz;320 / 32 / 8
805;Radeon HD 4730 OEM;RV670;Dec 26th, 2008;PCIe 2.0 x16;1024 MB, DDR2, 256 bit;669 MHz;396 MHz;320 / 16 / 16
806;Radeon HD 4830;RV770;Oct 21st, 2008;PCIe 2.0 x16;512 MB, GDDR3, 256 bit;575 MHz;900 MHz;640 / 32 / 16
807;Radeon HD 4850;RV770;Jun 25th, 2008;PCIe 2.0 x16;512 MB, GDDR3, 256 bit;625 MHz;993 MHz;800 / 40 / 16
808;Radeon HD 4850 X2;R700;Nov 7th, 2008;PCIe 2.0 x16;512 MB, GDDR3, 256 bit;625 MHz;995 MHz;800 / 40 / 16
809;Radeon HD 4870;RV770;Jun 25th, 2008;PCIe 2.0 x16;512 MB, GDDR5, 256 bit;750 MHz;900 MHz;800 / 40 / 16
810;Radeon HD 4870 X2;R700;Aug 12th, 2008;PCIe 2.0 x16;1024 MB, GDDR5, 256 bit;750 MHz;900 MHz;800 / 40 / 16
811;GeForce 8800 GS;G92;Jan 31st, 2008;PCIe 1.0 x16;384 MB, GDDR3, 192 bit;550 MHz;800 MHz;96 / 48 / 12
812;GeForce 8800 GT Mac Edition;G92;Feb 1st, 2008;PCIe 2.0 x16;512 MB, GDDR3, 256 bit;600 MHz;900 MHz;112 / 56 / 16
813;GeForce 9600 GSO;G92;Apr 28th, 2008;PCIe 2.0 x16;384 MB, GDDR3, 192 bit;550 MHz;800 MHz;96 / 48 / 12
814;GeForce 9600 GSO 512;G94;Oct 23rd, 2008;PCIe 2.0 x16;512 MB, GDDR3, 256 bit;650 MHz;900 MHz;48 / 24 / 16
815;GeForce 9600 GT;G94;Feb 21st, 2008;PCIe 2.0 x16;512 MB, GDDR3, 256 bit;650 MHz;900 MHz;64 / 32 / 16
816;GeForce 9600 GT Green Edition;G94;Feb 21st, 2008;PCIe 2.0 x16;512 MB, GDDR3, 256 bit;600 MHz;700 MHz;64 / 32 / 16
817;GeForce 9600 GT Mac Edition;G94;Dec 22nd, 2008;PCIe 2.0 x16;1024 MB, DDR2, 256 bit;600 MHz;266 MHz;64 / 32 / 16
818;GeForce 9700M GTS;G94;Jul 29th, 2008;PCIe 2.0 x16;512 MB, GDDR3, 256 bit;530 MHz;800 MHz;48 / 24 / 16
819;GeForce 9800 GT;G92B;Jul 21st, 2008;PCIe 2.0 x16;512 MB, GDDR3, 256 bit;600 MHz;900 MHz;112 / 56 / 16
820;GeForce 9800 GT;G92;Jul 21st, 2008;PCIe 2.0 x16;512 MB, GDDR3, 256 bit;600 MHz;900 MHz;112 / 56 / 16
821;GeForce 9800 GT Rebrand;G92;Jul 21st, 2008;PCIe 2.0 x16;512 MB, GDDR3, 256 bit;725 MHz;1000 MHz;128 / 64 / 16
822;GeForce 9800 GTX;G92;Mar 28th, 2008;PCIe 2.0 x16;512 MB, GDDR3, 256 bit;675 MHz;1100 MHz;128 / 64 / 16
823;GeForce 9800 GX2;G92;Mar 18th, 2008;PCIe 2.0 x16;512 MB, GDDR3, 256 bit;600 MHz;1000 MHz;128 / 64 / 16
824;GeForce 9800M GS;G94;Nov 1st, 2008;PCIe 2.0 x16;512 MB, GDDR3, 256 bit;530 MHz;800 MHz;64 / 32 / 16
825;GeForce 9800M GT;G92;Jul 29th, 2008;PCIe 2.0 x16;512 MB, GDDR3, 256 bit;500 MHz;800 MHz;96 / 48 / 16
826;GeForce 9800M GTS;G94;Aug 21st, 2008;PCIe 2.0 x16;1024 MB, GDDR3, 256 bit;600 MHz;800 MHz;64 / 32 / 16
827;GeForce 9800M GTS;G94;Jul 29th, 2008;PCIe 2.0 x16;512 MB, GDDR3, 256 bit;600 MHz;800 MHz;64 / 32 / 16
828;GeForce 9800M GTX;G92;Jul 15th, 2008;PCIe 2.0 x16;1024 MB, GDDR3, 256 bit;500 MHz;800 MHz;112 / 56 / 16
829;GeForce 9800S;G94;Jul 15th, 2008;PCIe 2.0 x16;512 MB, GDDR3, 256 bit;600 MHz;799 MHz;64 / 32 / 16
830;GeForce GTX 260;GT200;Jun 16th, 2008;PCIe 2.0 x16;896 MB, GDDR3, 448 bit;576 MHz;999 MHz;192 / 64 / 28
831;GeForce GTX 260 Core 216;GT200;Sep 16th, 2008;PCIe 2.0 x16;896 MB, GDDR3, 448 bit;576 MHz;999 MHz;216 / 72 / 28
832;GeForce GTX 260 Core 216 Rev. 2;GT200B;Nov 27th, 2008;PCIe 2.0 x16;896 MB, GDDR3, 448 bit;576 MHz;999 MHz;216 / 72 / 28
833;GeForce GTX 260 Rev. 2;GT200B;Jul 23rd, 2008;PCIe 2.0 x16;896 MB, GDDR3, 448 bit;576 MHz;999 MHz;192 / 64 / 28
834;GeForce GTX 280;GT200;Jun 16th, 2008;PCIe 2.0 x16;1024 MB, GDDR3, 512 bit;602 MHz;1107 MHz;240 / 80 / 32
835;GeForce GTX 285;GT200B;Dec 23rd, 2008;PCIe 2.0 x16;1024 MB, GDDR3, 512 bit;648 MHz;1242 MHz;240 / 80 / 32
836;Quadro CX;GT200B;Nov 11th, 2008;PCIe 2.0 x16;1536 MB, GDDR3, 384 bit;602 MHz;800 MHz;192 / 64 / 24
837;Quadro FX 2700M;G94;Aug 14th, 2008;MXM-HE;512 MB, GDDR3, 256 bit;530 MHz;799 MHz;48 / 24 / 16
838;Quadro FX 3600M;G92;Feb 23rd, 2008;MXM-HE;512 MB, GDDR3, 256 bit;500 MHz;800 MHz;96 / 48 / 16
839;Quadro FX 3600M;G92;Feb 23rd, 2008;MXM-HE;512 MB, GDDR3, 256 bit;500 MHz;799 MHz;64 / 32 / 16
840;Quadro FX 3700;G92;Jan 8th, 2008;PCIe 2.0 x16;512 MB, GDDR3, 256 bit;500 MHz;800 MHz;112 / 56 / 16
841;Quadro FX 3700M;G92;Aug 14th, 2008;MXM-HE;1024 MB, GDDR3, 256 bit;550 MHz;800 MHz;128 / 64 / 16
842;Quadro FX 3800M;G92;Aug 14th, 2008;MXM-B (3.0);1024 MB, GDDR3, 256 bit;675 MHz;1000 MHz;128 / 64 / 16
843;Quadro FX 4700 X2;G92;Apr 18th, 2008;PCIe 2.0 x16;1024 MB, GDDR3, 256 bit;600 MHz;800 MHz;128 / 64 / 16
844;Quadro FX 4800;GT200B;Nov 11th, 2008;PCIe 2.0 x16;1536 MB, GDDR3, 384 bit;602 MHz;800 MHz;192 / 64 / 24
845;Quadro FX 4800 Mac Edition;GT200B;Nov 11th, 2008;PCIe 2.0 x16;1536 MB, GDDR3, 384 bit;602 MHz;800 MHz;192 / 64 / 24
846;Quadro FX 5800;GT200B;Nov 11th, 2008;PCIe 2.0 x16;4 GB, GDDR3, 512 bit;610 MHz;800 MHz;240 / 80 / 32
847;Quadro VX 200;G92;Jan 8th, 2008;PCIe 2.0 x16;512 MB, GDDR3, 256 bit;450 MHz;800 MHz;112 / 56 / 16
848;No graphics cards found. Please change your search criteria.;;;;;;;
849;FireStream 9250;RV770;Jun 16th, 2008;PCIe 2.0 x16;1024 MB, GDDR3, 256 bit;625 MHz;993 MHz;800 / 40 / 16
850;FireStream 9270;RV770;Nov 13th, 2008;PCIe 2.0 x16;2 GB, GDDR5, 256 bit;750 MHz;900 MHz;800 / 40 / 16
851;FirePro V8700;RV770;Sep 11th, 2008;PCIe 2.0 x16;1024 MB, GDDR5, 256 bit;750 MHz;850 MHz;800 / 40 / 16
852;FirePro V8750;RV770;Jul 28th, 2008;PCIe 2.0 x16;2 GB, GDDR5, 256 bit;750 MHz;900 MHz;800 / 40 / 16
853;Mobility Radeon HD 3850;M88;Jun 4th, 2008;PCIe 2.0 x16;512 MB, GDDR3, 256 bit;580 MHz;750 MHz;320 / 16 / 16
854;Mobility Radeon HD 3850 X2;M88;Jun 4th, 2008;PCIe 2.0 x16;512 MB, GDDR3, 256 bit;580 MHz;750 MHz;320 / 16 / 16
855;Mobility Radeon HD 3870;M88;Jun 4th, 2008;PCIe 2.0 x16;512 MB, GDDR3, 256 bit;660 MHz;850 MHz;320 / 16 / 16
856;Mobility Radeon HD 3870 X2;M88;Sep 1st, 2008;PCIe 2.0 x16;512 MB, GDDR3, 256 bit;660 MHz;850 MHz;320 / 16 / 16
857;Radeon HD 3690;RV670;Mar 30th, 2008;PCIe 2.0 x16;256 MB, GDDR3, 128 bit;670 MHz;830 MHz;320 / 16 / 16
858;Radeon HD 3850 AGP;RV670;Jan 3rd, 2008;AGP 8x;512 MB, GDDR3, 256 bit;668 MHz;828 MHz;320 / 16 / 16
859;Radeon HD 3850 X2;RV670;Apr 4th, 2008;PCIe 2.0 x16;512 MB, GDDR3, 256 bit;669 MHz;828 MHz;320 / 16 / 16
860;Radeon HD 3850 X3;RV670;Never Released;PCIe 2.0 x16;512 MB, GDDR3, 256 bit;669 MHz;850 MHz;320 / 16 / 16
861;Radeon HD 3870 Mac Edition;RV670;Jun 12th, 2008;PCIe 2.0 x16;512 MB, GDDR4, 256 bit;777 MHz;1126 MHz;320 / 16 / 16
862;Radeon HD 3870 X2;R680;Jan 26th, 2008;PCIe 2.0 x16;512 MB, GDDR3, 256 bit;825 MHz;901 MHz;320 / 16 / 16
863;Radeon HD 4670;RV730;Sep 10th, 2008;PCIe 2.0 x16;512 MB, GDDR3, 128 bit;750 MHz;1000 MHz;320 / 32 / 8
864;Radeon HD 4670 X2;RV730;Sep 10th, 2008;PCIe 2.0 x16;512 MB, GDDR3, 128 bit;750 MHz;700 MHz;320 / 32 / 8
865;Radeon HD 4710;RV730;Sep 10th, 2008;PCIe 2.0 x16;1024 MB, GDDR3, 128 bit;750 MHz;800 MHz;320 / 32 / 8
866;Radeon HD 4730 OEM;RV670;Dec 26th, 2008;PCIe 2.0 x16;1024 MB, DDR2, 256 bit;669 MHz;396 MHz;320 / 16 / 16
867;Radeon HD 4830;RV770;Oct 21st, 2008;PCIe 2.0 x16;512 MB, GDDR3, 256 bit;575 MHz;900 MHz;640 / 32 / 16
868;Radeon HD 4850;RV770;Jun 25th, 2008;PCIe 2.0 x16;512 MB, GDDR3, 256 bit;625 MHz;993 MHz;800 / 40 / 16
869;Radeon HD 4850 X2;R700;Nov 7th, 2008;PCIe 2.0 x16;512 MB, GDDR3, 256 bit;625 MHz;995 MHz;800 / 40 / 16
870;Radeon HD 4870;RV770;Jun 25th, 2008;PCIe 2.0 x16;512 MB, GDDR5, 256 bit;750 MHz;900 MHz;800 / 40 / 16
871;Radeon HD 4870 X2;R700;Aug 12th, 2008;PCIe 2.0 x16;1024 MB, GDDR5, 256 bit;750 MHz;900 MHz;800 / 40 / 16
872;GeForce 8800 GT Mac Edition;G92;Feb 1st, 2008;PCIe 2.0 x16;512 MB, GDDR3, 256 bit;600 MHz;900 MHz;112 / 56 / 16
873;GeForce 9600 GT;G94;Feb 21st, 2008;PCIe 2.0 x16;512 MB, GDDR3, 256 bit;650 MHz;900 MHz;64 / 32 / 16
874;GeForce 9800 GT;G92;Jul 21st, 2008;PCIe 2.0 x16;512 MB, GDDR3, 256 bit;600 MHz;900 MHz;112 / 56 / 16
875;GeForce 9800 GT;G92B;Jul 21st, 2008;PCIe 2.0 x16;512 MB, GDDR3, 256 bit;600 MHz;900 MHz;112 / 56 / 16
876;GeForce 9800 GT Rebrand;G92;Jul 21st, 2008;PCIe 2.0 x16;512 MB, GDDR3, 256 bit;725 MHz;1000 MHz;128 / 64 / 16
877;GeForce 9800 GTX;G92;Mar 28th, 2008;PCIe 2.0 x16;512 MB, GDDR3, 256 bit;675 MHz;1100 MHz;128 / 64 / 16
878;GeForce 9800 GX2;G92;Mar 18th, 2008;PCIe 2.0 x16;512 MB, GDDR3, 256 bit;600 MHz;1000 MHz;128 / 64 / 16
879;GeForce GTX 260;GT200;Jun 16th, 2008;PCIe 2.0 x16;896 MB, GDDR3, 448 bit;576 MHz;999 MHz;192 / 64 / 28
880;GeForce GTX 260 Core 216;GT200;Sep 16th, 2008;PCIe 2.0 x16;896 MB, GDDR3, 448 bit;576 MHz;999 MHz;216 / 72 / 28
881;GeForce GTX 260 Core 216 Rev. 2;GT200B;Nov 27th, 2008;PCIe 2.0 x16;896 MB, GDDR3, 448 bit;576 MHz;999 MHz;216 / 72 / 28
882;GeForce GTX 260 Rev. 2;GT200B;Jul 23rd, 2008;PCIe 2.0 x16;896 MB, GDDR3, 448 bit;576 MHz;999 MHz;192 / 64 / 28
883;GeForce GTX 280;GT200;Jun 16th, 2008;PCIe 2.0 x16;1024 MB, GDDR3, 512 bit;602 MHz;1107 MHz;240 / 80 / 32
884;GeForce GTX 285;GT200B;Dec 23rd, 2008;PCIe 2.0 x16;1024 MB, GDDR3, 512 bit;648 MHz;1242 MHz;240 / 80 / 32
885;Quadro CX;GT200B;Nov 11th, 2008;PCIe 2.0 x16;1536 MB, GDDR3, 384 bit;602 MHz;800 MHz;192 / 64 / 24
886;Quadro FX 3700M;G92;Aug 14th, 2008;MXM-HE;1024 MB, GDDR3, 256 bit;550 MHz;800 MHz;128 / 64 / 16
887;Quadro FX 3800M;G92;Aug 14th, 2008;MXM-B (3.0);1024 MB, GDDR3, 256 bit;675 MHz;1000 MHz;128 / 64 / 16
888;Quadro FX 4700 X2;G92;Apr 18th, 2008;PCIe 2.0 x16;1024 MB, GDDR3, 256 bit;600 MHz;800 MHz;128 / 64 / 16
889;Quadro FX 4800;GT200B;Nov 11th, 2008;PCIe 2.0 x16;1536 MB, GDDR3, 384 bit;602 MHz;800 MHz;192 / 64 / 24
890;Quadro FX 4800 Mac Edition;GT200B;Nov 11th, 2008;PCIe 2.0 x16;1536 MB, GDDR3, 384 bit;602 MHz;800 MHz;192 / 64 / 24
891;Quadro FX 5800;GT200B;Nov 11th, 2008;PCIe 2.0 x16;4 GB, GDDR3, 512 bit;610 MHz;800 MHz;240 / 80 / 32
892;FireStream 9270;RV770;Nov 13th, 2008;PCIe 2.0 x16;2 GB, GDDR5, 256 bit;750 MHz;900 MHz;800 / 40 / 16
893;FirePro V8700;RV770;Sep 11th, 2008;PCIe 2.0 x16;1024 MB, GDDR5, 256 bit;750 MHz;850 MHz;800 / 40 / 16
894;FirePro V8750;RV770;Jul 28th, 2008;PCIe 2.0 x16;2 GB, GDDR5, 256 bit;750 MHz;900 MHz;800 / 40 / 16
895;Radeon HD 4850 X2;R700;Nov 7th, 2008;PCIe 2.0 x16;512 MB, GDDR3, 256 bit;625 MHz;995 MHz;800 / 40 / 16
896;Radeon HD 4870;RV770;Jun 25th, 2008;PCIe 2.0 x16;512 MB, GDDR5, 256 bit;750 MHz;900 MHz;800 / 40 / 16
897;Radeon HD 4870 X2;R700;Aug 12th, 2008;PCIe 2.0 x16;1024 MB, GDDR5, 256 bit;750 MHz;900 MHz;800 / 40 / 16
898;GeForce GTX 285;GT200B;Dec 23rd, 2008;PCIe 2.0 x16;1024 MB, GDDR3, 512 bit;648 MHz;1242 MHz;240 / 80 / 32
899;No graphics cards found. Please change your search criteria.;;;;;;;
900;No graphics cards found. Please change your search criteria.;;;;;;;
901;No graphics cards found. Please change your search criteria.;;;;;;;
902;Xeon Phi 3120A;Knights Corner;Nov 12th, 2012;PCIe 3.0 x16;6 GB, GDDR5, 384 bit;1100 MHz;1250 MHz;912 / 32 / 0
903;Xeon Phi 5110P;Knights Corner;Nov 12th, 2012;PCIe 3.0 x16;8 GB, GDDR5, 512 bit;1053 MHz;1250 MHz;960 / 32 / 0
904;Xeon Phi SE10X;Knights Corner;Nov 12th, 2012;PCIe 3.0 x16;8 GB, GDDR5, 512 bit;1100 MHz;1375 MHz;976 / 32 / 0
905;GeForce 615 OEM;GF108;May 15th, 2012;PCIe 2.0 x16;1024 MB, DDR3, 128 bit;660 MHz;900 MHz;48 / 8 / 4
906;Tesla K10;GK104;May 1st, 2012;PCIe 3.0 x16;4 GB, GDDR5, 256 bit;745 MHz;1250 MHz;1536 / 128 / 32
907;Tesla K20X;GK110;Nov 12th, 2012;PCIe 3.0 x16;6 GB, GDDR5, 384 bit;732 MHz;1300 MHz;2688 / 224 / 48
908;Tesla K20Xm;GK110;Nov 12th, 2012;PCIe 3.0 x16;6 GB, GDDR5, 384 bit;732 MHz;1300 MHz;2688 / 224 / 48
909;Tesla K20c;GK110;Nov 12th, 2012;PCIe 2.0 x16;5 GB, GDDR5, 320 bit;706 MHz;1300 MHz;2496 / 208 / 40
910;FirePro S10000;Tahiti;Nov 12th, 2012;PCIe 3.0 x16;3 GB, GDDR5, 384 bit;825 MHz;1250 MHz;1792 / 112 / 32
911;FirePro S10000 Passive;Tahiti;Nov 12th, 2012;PCIe 3.0 x16;3 GB, GDDR5, 384 bit;825 MHz;1250 MHz;1792 / 112 / 32
912;FirePro W9000 X2;Tahiti;Never Released;PCIe 3.0 x16;3 GB, GDDR5, 384 bit;825 MHz;1250 MHz;1792 / 112 / 32
913;Radeon HD 6250 IGP;Loveland;Oct 9th, 2012;IGP;System Shared;276 MHz;System Shared;80 / 8 / 4
914;Radeon HD 6250 IGP;Loveland;Apr 4th, 2012;IGP;System Shared;277 MHz;System Shared;80 / 8 / 4
915;Radeon HD 7290 IGP;Loveland;Jun 6th, 2012;IGP;System Shared;276 MHz;System Shared;80 / 8 / 4
916;Radeon HD 7970 GHz Edition;Tahiti;Jun 22nd, 2012;PCIe 3.0 x16;3 GB, GDDR5, 384 bit;1000 MHz;1500 MHz;2048 / 128 / 32
917;Radeon HD 7970 X2;New Zealand;Aug 31st, 2012;PCIe 3.0 x16;3 GB, GDDR5, 384 bit;925 MHz;1375 MHz;2048 / 128 / 32
918;HD Graphics;Ivy Bridge GT1;Oct 1st, 2012;Ring Bus;System Shared;350 MHz;System Shared;48 / 6 / 1
919;HD Graphics;Ivy Bridge GT1;Apr 1st, 2012;Ring Bus;System Shared;650 MHz;System Shared;48 / 6 / 1
920;GeForce 605 OEM;GF119;Apr 2nd, 2012;PCIe 2.0 x16;512 MB, DDR3, 64 bit;523 MHz;897 MHz;48 / 8 / 4
921;GeForce 9400 GT Rev. 3;GT218;Jun 13th, 2012;PCIe 2.0 x16;128 MB, DDR2, 64 bit;589 MHz;600 MHz;16 / 8 / 4
922;GeForce GTX 690;GK104;May 3rd, 2012;PCIe 3.0 x16;2 GB, GDDR5, 256 bit;915 MHz;1502 MHz;1536 / 128 / 32
923;NVS 310;GF119;Jun 26th, 2012;PCIe 2.0 x16;512 MB, DDR3, 64 bit;523 MHz;875 MHz;48 / 8 / 4
924;FirePro A300;Devastator;Jun 6th, 2012;PCIe 2.0 x16;System Shared;760 MHz;System Shared;384 / 24 / 8
925;FirePro A320;Devastator;Jun 6th, 2012;PCIe 2.0 x16;System Shared;800 MHz;System Shared;384 / 24 / 8
926;FirePro M2000;Turks;Jul 1st, 2012;PCIe 2.0 x16;1024 MB, GDDR5, 64 bit;500 MHz;800 MHz;480 / 24 / 8
927;FirePro M4000;Chelsea;Jun 27th, 2012;MXM-A (3.0);1024 MB, GDDR5, 128 bit;675 MHz;1000 MHz;512 / 32 / 16
928;FirePro M6000;Heathrow;Jul 1st, 2012;MXM-B (3.0);2 GB, GDDR5, 128 bit;800 MHz;1000 MHz;640 / 40 / 16
929;FirePro S7000;Pitcairn;Aug 27th, 2012;PCIe 3.0 x16;4 GB, GDDR5, 256 bit;950 MHz;1200 MHz;1280 / 80 / 32
930;FirePro S9000;Tahiti;Aug 24th, 2012;PCIe 3.0 x16;6 GB, GDDR5, 384 bit;900 MHz;1375 MHz;1792 / 112 / 32
931;FirePro S9010;Tahiti;Aug 24th, 2012;PCIe 3.0 x16;3 GB, GDDR5, 384 bit;800 MHz;1250 MHz;1792 / 112 / 32
932;FirePro W4000;Pitcairn;Aug 7th, 2012;PCIe 3.0 x16;2 GB, GDDR5, 256 bit;825 MHz;800 MHz;768 / 48 / 32
933;FirePro W5000;Pitcairn;Aug 7th, 2012;PCIe 3.0 x16;2 GB, GDDR5, 256 bit;825 MHz;800 MHz;768 / 48 / 32
934;FirePro W600;Cape Verde;Jun 13th, 2012;PCIe 3.0 x16;2 GB, GDDR5, 128 bit;750 MHz;1000 MHz;512 / 32 / 16
935;FirePro W7000;Pitcairn;Jun 13th, 2012;PCIe 3.0 x16;4 GB, GDDR5, 256 bit;950 MHz;1200 MHz;1280 / 80 / 32
936;FirePro W8000;Tahiti;Jun 14th, 2012;PCIe 3.0 x16;4 GB, GDDR5, 256 bit;900 MHz;1375 MHz;1792 / 112 / 32
937;FirePro W9000;Tahiti;Jun 14th, 2012;PCIe 3.0 x16;6 GB, GDDR5, 384 bit;975 MHz;1375 MHz;2048 / 128 / 32
938;Radeon HD 6850 1440SP Edition;Cypress;Aug 21st, 2012;PCIe 2.0 x16;1024 MB, GDDR5, 256 bit;725 MHz;1000 MHz;1440 / 72 / 32
939;Radeon HD 7310 IGP;Loveland;Jun 6th, 2012;IGP;System Shared;500 MHz;System Shared;80 / 8 / 4
940;Radeon HD 7340 IGP;Loveland;Jun 6th, 2012;IGP;System Shared;523 MHz;System Shared;80 / 8 / 4
941;Radeon HD 7400G IGP;Scrapper;Oct 2nd, 2012;IGP;System Shared;327 MHz;System Shared;192 / 12 / 4
942;Radeon HD 7420G IGP;Scrapper Lite;Jun 6th, 2012;IGP;System Shared;480 MHz;System Shared;128 / 8 / 4
943;Radeon HD 7480D IGP;Scrapper Lite;Oct 2nd, 2012;IGP;System Shared;720 MHz;System Shared;128 / 8 / 4
944;Radeon HD 7500G IGP;Devastator Lite;May 15th, 2012;IGP;System Shared;327 MHz;System Shared;256 / 16 / 8
945;Radeon HD 7520G IGP;Scrapper;Jun 6th, 2012;IGP;System Shared;496 MHz;System Shared;192 / 12 / 4
946;Radeon HD 7540D IGP;Scrapper;Oct 2nd, 2012;IGP;System Shared;760 MHz;System Shared;192 / 12 / 4
947;Radeon HD 7560D IGP;Devastator Lite;Oct 2nd, 2012;IGP;System Shared;760 MHz;System Shared;256 / 16 / 8
948;Radeon HD 7560G IGP;Devastator Lite;May 15th, 2012;IGP;System Shared;496 MHz;System Shared;256 / 16 / 8
949;Radeon HD 7600G IGP;Devastator;Sep 1st, 2012;IGP;System Shared;320 MHz;System Shared;384 / 24 / 8
950;Radeon HD 7620G IGP;Devastator;May 15th, 2012;IGP;System Shared;360 MHz;System Shared;384 / 24 / 8
951;Radeon HD 7640G IGP;Devastator Lite;May 15th, 2012;IGP;System Shared;496 MHz;System Shared;256 / 16 / 8
952;Radeon HD 7650M Rebrand;Whistler;Mar 28th, 2012;PCIe 2.0 x16;1024 MB, DDR3, 128 bit;485 MHz;800 MHz;480 / 24 / 8
953;Radeon HD 7660D IGP;Devastator;Oct 2nd, 2012;IGP;System Shared;760 MHz;System Shared;384 / 24 / 8
954;Radeon HD 7660G IGP;Devastator;May 15th, 2012;IGP;System Shared;686 MHz;System Shared;384 / 24 / 8
955;Radeon HD 7670M Rebrand;Whistler;Jul 1st, 2012;PCIe 2.0 x16;1024 MB, GDDR3, 128 bit;600 MHz;900 MHz;480 / 24 / 16
956;Radeon HD 7730M;Chelsea;Apr 24th, 2012;PCIe 2.0 x16;2 GB, DDR3, 128 bit;575 MHz;900 MHz;512 / 32 / 16
957;Radeon HD 7750M;Chelsea;Apr 24th, 2012;PCIe 2.0 x16;2 GB, GDDR5, 128 bit;575 MHz;1000 MHz;512 / 32 / 16
958;Radeon HD 7770M;Chelsea;Apr 24th, 2012;PCIe 2.0 x16;1024 MB, GDDR5, 128 bit;675 MHz;1000 MHz;512 / 32 / 16
959;Radeon HD 7850M;Heathrow;Apr 24th, 2012;PCIe 3.0 x16;2 GB, GDDR5, 128 bit;675 MHz;1000 MHz;640 / 40 / 16
960;Radeon HD 7870 XT;Tahiti;Nov 19th, 2012;PCIe 3.0 x16;2 GB, GDDR5, 256 bit;925 MHz;1500 MHz;1536 / 96 / 32
961;Radeon HD 7870M;Heathrow;Apr 24th, 2012;PCIe 3.0 x16;2 GB, GDDR5, 128 bit;800 MHz;1000 MHz;640 / 40 / 16
962;Radeon HD 7950 Boost;Tahiti;Jun 22nd, 2012;PCIe 3.0 x16;3 GB, GDDR5, 384 bit;850 MHz;1250 MHz;1792 / 112 / 32
963;Radeon HD 7950M;Wimbledon;Apr 24th, 2012;MXM-B (3.0);2 GB, GDDR5, 256 bit;700 MHz;1000 MHz;1280 / 80 / 32
964;Radeon HD 7970M;Wimbledon;Apr 24th, 2012;MXM-B (3.0);2 GB, GDDR5, 256 bit;850 MHz;1200 MHz;1280 / 80 / 32
965;Wii U GPU;Latte;Nov 18th, 2012;IGP;2 GB, DDR3, 64 bit;550 MHz;800 MHz;160 / 16 / 8
966;Mobility Radeon HD 5570;Pinewood;Nov 23rd, 2012;PCIe 2.0 x16;1024 MB, GDDR3, 128 bit;550 MHz;800 MHz;400 / 20 / 8
967;Radeon HD 5490;Cedar;Oct 28th, 2012;PCIe 2.0 x16;1024 MB, GDDR3, 64 bit;650 MHz;500 MHz;80 / 8 / 4
968;HD Graphics 4000;Ivy Bridge GT2;May 14th, 2012;Ring Bus;System Shared;650 MHz;System Shared;128 / 16 / 2
969;HD Graphics 4000;Ivy Bridge GT2;May 14th, 2012;Ring Bus;System Shared;650 MHz;System Shared;128 / 16 / 2
970;HD Graphics P4000;Ivy Bridge GT2;May 14th, 2012;Ring Bus;System Shared;650 MHz;System Shared;128 / 16 / 1
971;GeForce 620M;GF117;Mar 22nd, 2012;PCIe 2.0 x16;1024 MB, DDR3, 64 bit;625 MHz;900 MHz;96 / 16 / 8
972;GeForce GT 520 OEM;GF119;Aug 20th, 2012;PCIe 2.0 x16;1024 MB, DDR3, 64 bit;589 MHz;500 MHz;48 / 8 / 4
973;GeForce GT 550M;GF116;Mar 26th, 2012;PCIe 2.0 x16;1024 MB, DDR3, 128 bit;475 MHz;900 MHz;144 / 24 / 16
974;GeForce GT 555M 2 GB;GF116;Mar 26th, 2012;PCIe 2.0 x16;2 GB, DDR3, 128 bit;675 MHz;900 MHz;144 / 24 / 16
975;GeForce GT 555M 3 GB;GF116;Mar 26th, 2012;PCIe 2.0 x16;3 GB, DDR3, 192 bit;590 MHz;900 MHz;144 / 24 / 16
976;GeForce GT 610;GF119;Apr 2nd, 2012;PCIe 2.0 x16;1024 MB, DDR3, 64 bit;810 MHz;898 MHz;48 / 8 / 4
977;GeForce GT 610 OEM;GF119;Sep 9th, 2012;PCIe 2.0 x16;1024 MB, DDR3, 64 bit;550 MHz;500 MHz;48 / 8 / 4
978;GeForce GT 610 PCI;GF119;Apr 2nd, 2012;PCI;512 MB, DDR3, 64 bit;810 MHz;667 MHz;48 / 8 / 4
979;GeForce GT 610 PCIe x1;GF119;Apr 2nd, 2012;PCIe 2.0 x1;512 MB, DDR3, 64 bit;810 MHz;500 MHz;48 / 8 / 4
980;GeForce GT 620;GF108;May 15th, 2012;PCIe 2.0 x16;1024 MB, DDR3, 64 bit;700 MHz;900 MHz;96 / 16 / 4
981;GeForce GT 620 OEM;GF119;Apr 2nd, 2012;PCIe 2.0 x16;512 MB, DDR3, 64 bit;810 MHz;898 MHz;48 / 8 / 4
982;GeForce GT 620M;GF108;Aug 23rd, 2012;PCIe 2.0 x16;1024 MB, DDR3, 128 bit;475 MHz;900 MHz;96 / 16 / 4
983;GeForce GT 625M;GF117;Oct 1st, 2012;PCIe 2.0 x16;2 GB, DDR3, 64 bit;625 MHz;800 MHz;96 / 16 / 4
984;GeForce GT 630;GF108;May 15th, 2012;PCIe 2.0 x16;1024 MB, DDR3, 128 bit;810 MHz;900 MHz;96 / 16 / 4
985;GeForce GT 630 OEM;GK107;Apr 24th, 2012;PCIe 3.0 x16;1024 MB, DDR3, 128 bit;875 MHz;891 MHz;192 / 16 / 16
986;GeForce GT 630M;GF108;Mar 22nd, 2012;MXM-A (3.0);1024 MB, DDR3, 64 bit;475 MHz;900 MHz;96 / 16 / 4
987;GeForce GT 635M;GF116;Mar 22nd, 2012;PCIe 2.0 x16;2 GB, DDR3, 128 bit;675 MHz;900 MHz;144 / 24 / 16
988;GeForce GT 640;GK107;Jun 5th, 2012;PCIe 3.0 x16;2 GB, DDR3, 128 bit;902 MHz;891 MHz;384 / 32 / 16
989;GeForce GT 640 OEM;GK107;Apr 24th, 2012;PCIe 3.0 x16;2 GB, DDR3, 128 bit;797 MHz;891 MHz;384 / 32 / 16
990;GeForce GT 640 OEM Rebrand;GF116;Apr 24th, 2012;PCIe 2.0 x16;1536 MB, DDR3, 192 bit;720 MHz;800 MHz;144 / 24 / 24
991;GeForce GT 640M LE;GF108;May 4th, 2012;PCIe 2.0 x16;2 GB, GDDR5, 128 bit;753 MHz;785 MHz;96 / 16 / 4
992;GeForce GT 645 OEM;GF114;Apr 24th, 2012;PCIe 2.0 x16;1024 MB, GDDR5, 192 bit;776 MHz;957 MHz;288 / 48 / 24
993;GeForce GT 645M;GK107;Oct 1st, 2012;PCIe 3.0 x16;2 GB, DDR3, 128 bit;709 MHz;900 MHz;384 / 32 / 16
994;GeForce GT 650M;GK107;Mar 22nd, 2012;PCIe 3.0 x16;1024 MB, DDR3, 128 bit;835 MHz;900 MHz;384 / 32 / 16
995;GeForce GT 650M Mac Edition;GK107;Jul 12th, 2012;PCIe 3.0 x16;512 MB, GDDR5, 128 bit;900 MHz;1254 MHz;384 / 32 / 16
996;GeForce GTS 450 Rev. 3;GF116;Jul 11th, 2012;PCIe 2.0 x16;1024 MB, DDR3, 128 bit;783 MHz;700 MHz;144 / 24 / 16
997;GeForce GTX 650;GK107;Sep 6th, 2012;PCIe 3.0 x16;1024 MB, GDDR5, 128 bit;1058 MHz;1250 MHz;384 / 32 / 16
998;GeForce GTX 650 Ti;GK106;Oct 9th, 2012;PCIe 3.0 x16;1024 MB, GDDR5, 128 bit;928 MHz;1350 MHz;768 / 64 / 16
999;GeForce GTX 660;GK106;Sep 6th, 2012;PCIe 3.0 x16;2 GB, GDDR5, 192 bit;980 MHz;1502 MHz;960 / 80 / 24
1000;GeForce GTX 660 OEM;GK104;Aug 22nd, 2012;PCIe 3.0 x16;1536 MB, GDDR5, 192 bit;823 MHz;1400 MHz;1152 / 96 / 24
1001;GeForce GTX 660 OEM;GK104;Aug 22nd, 2012;PCIe 3.0 x16;2 GB, GDDR5, 256 bit;823 MHz;1400 MHz;1152 / 96 / 32
1002;GeForce GTX 660 Ti;GK104;Aug 16th, 2012;PCIe 3.0 x16;2 GB, GDDR5, 192 bit;915 MHz;1502 MHz;1344 / 112 / 24
1003;GeForce GTX 670;GK104;May 10th, 2012;PCIe 3.0 x16;2 GB, GDDR5, 256 bit;915 MHz;1502 MHz;1344 / 112 / 32
1004;GeForce GTX 670M;GF114;Mar 22nd, 2012;MXM-B (3.0);1536 MB, GDDR5, 192 bit;598 MHz;750 MHz;336 / 56 / 24
1005;GeForce GTX 670MX;GK104;Oct 1st, 2012;PCIe 3.0 x16;3 GB, GDDR5, 192 bit;601 MHz;700 MHz;960 / 80 / 24
1006;GeForce GTX 675MX;GK104;Oct 1st, 2012;MXM-B (3.0);2 GB, GDDR5, 256 bit;654 MHz;900 MHz;960 / 80 / 32
1007;GeForce GTX 680M;GK104;Jun 4th, 2012;MXM-B (3.0);4 GB, GDDR5, 256 bit;719 MHz;900 MHz;1344 / 112 / 32
1008;GeForce GTX 680MX Mac Edition;GK104;Oct 23rd, 2012;PCIe 3.0 x16;2 GB, GDDR5, 256 bit;719 MHz;1250 MHz;1536 / 128 / 32
1009;NVS 1000;GK107;Never Released;PCIe 3.0 x16;2 GB, DDR3, 128 bit;797 MHz;891 MHz;192 / 16 / 16
1010;NVS 510;GK107;Oct 23rd, 2012;PCIe 2.0 x16;2 GB, DDR3, 128 bit;797 MHz;891 MHz;192 / 16 / 16
1011;NVS 5200M;GF108;Sep 17th, 2012;MXM;1024 MB, GDDR5, 64 bit;672 MHz;785 MHz;96 / 16 / 4
1012;NVS 5200M;GF117;Jun 1st, 2012;MXM;1024 MB, DDR3, 64 bit;625 MHz;900 MHz;96 / 16 / 4
1013;NVS 5400M;GF108;Jun 1st, 2012;MXM;2 GB, GDDR3, 128 bit;660 MHz;900 MHz;96 / 16 / 4
1014;Playstation 3 GPU 40nm;RSX-40nm;Oct 4th, 2012;IGP;256 MB, GDDR3, 128 bit;550 MHz;650 MHz;24 / 8 / 24 / 8
1015;Quadro 410;GK107;Aug 7th, 2012;PCIe 2.0 x16;512 MB, DDR3, 64 bit;706 MHz;891 MHz;192 / 16 / 8
1016;Quadro 7000;GF110;May 2nd, 2012;PCIe 2.0 x16;6 GB, GDDR5, 384 bit;651 MHz;851 MHz;512 / 64 / 48
1017;Quadro K1000M;GK107;Jun 1st, 2012;MXM-A (3.0);2 GB, DDR3, 128 bit;850 MHz;900 MHz;192 / 16 / 16
1018;Quadro K2000M;GK107;Jun 1st, 2012;MXM-A (3.0);2 GB, DDR3, 128 bit;745 MHz;900 MHz;384 / 32 / 16
1019;Quadro K3000M;GK104;Jun 1st, 2012;MXM-B (3.0);2 GB, GDDR5, 256 bit;654 MHz;700 MHz;576 / 48 / 32
1020;Quadro K4000M;GK104;Jun 1st, 2012;MXM-B (3.0);4 GB, GDDR5, 256 bit;601 MHz;700 MHz;960 / 80 / 32
1021;Quadro K5000;GK104;Aug 17th, 2012;PCIe 2.0 x16;4 GB, GDDR5, 256 bit;706 MHz;1350 MHz;1536 / 128 / 32
1022;Quadro K5000 Mac Edition;GK104;Aug 7th, 2012;PCIe 2.0 x16;4 GB, GDDR5, 256 bit;706 MHz;1350 MHz;1536 / 128 / 32
1023;Quadro K5000M;GK104;Aug 7th, 2012;MXM-B (3.0);4 GB, GDDR5, 256 bit;601 MHz;750 MHz;1344 / 112 / 32
1024;Quadro K500M;GK107;Jun 1st, 2012;MXM-A (3.0);1024 MB, DDR3, 64 bit;709 MHz;800 MHz;192 / 16 / 8
1025;FirePro A300;Devastator;Jun 6th, 2012;PCIe 2.0 x16;System Shared;760 MHz;System Shared;384 / 24 / 8
1026;FirePro A320;Devastator;Jun 6th, 2012;PCIe 2.0 x16;System Shared;800 MHz;System Shared;384 / 24 / 8
1027;FirePro M2000;Turks;Jul 1st, 2012;PCIe 2.0 x16;1024 MB, GDDR5, 64 bit;500 MHz;800 MHz;480 / 24 / 8
1028;FirePro M4000;Chelsea;Jun 27th, 2012;MXM-A (3.0);1024 MB, GDDR5, 128 bit;675 MHz;1000 MHz;512 / 32 / 16
1029;FirePro M6000;Heathrow;Jul 1st, 2012;MXM-B (3.0);2 GB, GDDR5, 128 bit;800 MHz;1000 MHz;640 / 40 / 16
1030;FirePro S7000;Pitcairn;Aug 27th, 2012;PCIe 3.0 x16;4 GB, GDDR5, 256 bit;950 MHz;1200 MHz;1280 / 80 / 32
1031;FirePro S9000;Tahiti;Aug 24th, 2012;PCIe 3.0 x16;6 GB, GDDR5, 384 bit;900 MHz;1375 MHz;1792 / 112 / 32
1032;FirePro S9010;Tahiti;Aug 24th, 2012;PCIe 3.0 x16;3 GB, GDDR5, 384 bit;800 MHz;1250 MHz;1792 / 112 / 32
1033;FirePro V3900;Turks;Feb 7th, 2012;PCIe 2.0 x16;1024 MB, GDDR3, 128 bit;650 MHz;900 MHz;480 / 24 / 8
1034;FirePro W4000;Pitcairn;Aug 7th, 2012;PCIe 3.0 x16;2 GB, GDDR5, 256 bit;825 MHz;800 MHz;768 / 48 / 32
1035;FirePro W5000;Pitcairn;Aug 7th, 2012;PCIe 3.0 x16;2 GB, GDDR5, 256 bit;825 MHz;800 MHz;768 / 48 / 32
1036;FirePro W600;Cape Verde;Jun 13th, 2012;PCIe 3.0 x16;2 GB, GDDR5, 128 bit;750 MHz;1000 MHz;512 / 32 / 16
1037;FirePro W7000;Pitcairn;Jun 13th, 2012;PCIe 3.0 x16;4 GB, GDDR5, 256 bit;950 MHz;1200 MHz;1280 / 80 / 32
1038;FirePro W8000;Tahiti;Jun 14th, 2012;PCIe 3.0 x16;4 GB, GDDR5, 256 bit;900 MHz;1375 MHz;1792 / 112 / 32
1039;FirePro W9000;Tahiti;Jun 14th, 2012;PCIe 3.0 x16;6 GB, GDDR5, 384 bit;975 MHz;1375 MHz;2048 / 128 / 32
1040;Radeon HD 6850 1440SP Edition;Cypress;Aug 21st, 2012;PCIe 2.0 x16;1024 MB, GDDR5, 256 bit;725 MHz;1000 MHz;1440 / 72 / 32
1041;Radeon HD 7470A;Redwood;Jan 5th, 2012;MXM-A (3.0);1024 MB, DDR3, 64 bit;775 MHz;800 MHz;400 / 20 / 8
1042;Radeon HD 7550M;Thames;Jan 7th, 2012;PCIe 2.0 x16;1024 MB, DDR3, 128 bit;500 MHz;900 MHz;480 / 24 / 16
1043;Radeon HD 7550M;Thames;Jan 7th, 2012;PCIe 2.0 x16;1024 MB, DDR3, 64 bit;450 MHz;900 MHz;400 / 20 / 8
1044;Radeon HD 7560D IGP;Devastator Lite;Oct 2nd, 2012;IGP;System Shared;760 MHz;System Shared;256 / 16 / 8
1045;Radeon HD 7560G IGP;Devastator Lite;May 15th, 2012;IGP;System Shared;496 MHz;System Shared;256 / 16 / 8
1046;Radeon HD 7570;Turks;Jan 5th, 2012;PCIe 2.0 x16;1024 MB, GDDR3, 128 bit;650 MHz;800 MHz;480 / 24 / 8
1047;Radeon HD 7570M;Thames;Jan 7th, 2012;PCIe 2.0 x16;1024 MB, GDDR5, 64 bit;500 MHz;800 MHz;480 / 24 / 16
1048;Radeon HD 7590M;Thames;Jan 7th, 2012;PCIe 2.0 x16;1024 MB, GDDR5, 64 bit;600 MHz;800 MHz;480 / 24 / 8
1049;Radeon HD 7620G IGP;Devastator;May 15th, 2012;IGP;System Shared;360 MHz;System Shared;384 / 24 / 8
1050;Radeon HD 7630M;Thames;Jan 7th, 2012;PCIe 2.0 x16;1024 MB, DDR3, 128 bit;450 MHz;800 MHz;480 / 24 / 8
1051;Radeon HD 7640G IGP;Devastator Lite;May 15th, 2012;IGP;System Shared;496 MHz;System Shared;256 / 16 / 8
1052;Radeon HD 7650A;Onega;Jan 5th, 2012;MXM-A (3.0);1024 MB, DDR3, 128 bit;600 MHz;900 MHz;480 / 24 / 8
1053;Radeon HD 7650M;Thames;Jan 7th, 2012;PCIe 2.0 x16;1024 MB, DDR3, 128 bit;450 MHz;800 MHz;480 / 24 / 16
1054;Radeon HD 7650M Rebrand;Whistler;Mar 28th, 2012;PCIe 2.0 x16;1024 MB, DDR3, 128 bit;485 MHz;800 MHz;480 / 24 / 8
1055;Radeon HD 7660D IGP;Devastator;Oct 2nd, 2012;IGP;System Shared;760 MHz;System Shared;384 / 24 / 8
1056;Radeon HD 7660G IGP;Devastator;May 15th, 2012;IGP;System Shared;686 MHz;System Shared;384 / 24 / 8
1057;Radeon HD 7670 OEM;Turks;Jan 5th, 2012;PCIe 2.0 x16;512 MB, GDDR5, 128 bit;800 MHz;1000 MHz;480 / 24 / 8
1058;Radeon HD 7670A;Turks;Jan 5th, 2012;MXM-A (3.0);1024 MB, GDDR5, 128 bit;600 MHz;1000 MHz;480 / 24 / 8
1059;Radeon HD 7670M;Thames;Feb 17th, 2012;PCIe 2.0 x16;1024 MB, DDR3, 128 bit;600 MHz;900 MHz;480 / 24 / 16
1060;Radeon HD 7670M Rebrand;Whistler;Jul 1st, 2012;PCIe 2.0 x16;1024 MB, GDDR3, 128 bit;600 MHz;900 MHz;480 / 24 / 16
1061;Radeon HD 7690M Rebrand;Whistler;Jan 7th, 2012;PCIe 2.0 x16;1024 MB, GDDR3, 128 bit;600 MHz;800 MHz;480 / 24 / 8
1062;Radeon HD 7690M XT Rebrand;Whistler;Jan 4th, 2012;PCIe 2.0 x16;1024 MB, GDDR5, 128 bit;725 MHz;800 MHz;480 / 24 / 8
1063;Radeon HD 7730M;Chelsea;Apr 24th, 2012;PCIe 2.0 x16;2 GB, DDR3, 128 bit;575 MHz;900 MHz;512 / 32 / 16
1064;Radeon HD 7750;Cape Verde;Feb 15th, 2012;PCIe 3.0 x16;1024 MB, GDDR5, 128 bit;800 MHz;1125 MHz;512 / 32 / 16
1065;Radeon HD 7750M;Chelsea;Apr 24th, 2012;PCIe 2.0 x16;2 GB, GDDR5, 128 bit;575 MHz;1000 MHz;512 / 32 / 16
1066;Radeon HD 7770 GHz Edition;Cape Verde;Feb 15th, 2012;PCIe 3.0 x16;1024 MB, GDDR5, 128 bit;1000 MHz;1125 MHz;640 / 40 / 16
1067;Radeon HD 7770M;Chelsea;Apr 24th, 2012;PCIe 2.0 x16;1024 MB, GDDR5, 128 bit;675 MHz;1000 MHz;512 / 32 / 16
1068;Radeon HD 7850;Pitcairn;Mar 5th, 2012;PCIe 3.0 x16;2 GB, GDDR5, 256 bit;860 MHz;1200 MHz;1024 / 64 / 32
1069;Radeon HD 7850M;Heathrow;Apr 24th, 2012;PCIe 3.0 x16;2 GB, GDDR5, 128 bit;675 MHz;1000 MHz;640 / 40 / 16
1070;Radeon HD 7870 GHz Edition;Pitcairn;Mar 5th, 2012;PCIe 3.0 x16;2 GB, GDDR5, 256 bit;1000 MHz;1200 MHz;1280 / 80 / 32
1071;Radeon HD 7870 XT;Tahiti;Nov 19th, 2012;PCIe 3.0 x16;2 GB, GDDR5, 256 bit;925 MHz;1500 MHz;1536 / 96 / 32
1072;Radeon HD 7870M;Heathrow;Apr 24th, 2012;PCIe 3.0 x16;2 GB, GDDR5, 128 bit;800 MHz;1000 MHz;640 / 40 / 16
1073;Radeon HD 7950;Tahiti;Jan 31st, 2012;PCIe 3.0 x16;3 GB, GDDR5, 384 bit;800 MHz;1250 MHz;1792 / 112 / 32
1074;Radeon HD 7950 Boost;Tahiti;Jun 22nd, 2012;PCIe 3.0 x16;3 GB, GDDR5, 384 bit;850 MHz;1250 MHz;1792 / 112 / 32
1075;Radeon HD 7950 Monica BIOS 1;Tahiti;Jan 31st, 2012;PCIe 3.0 x16;3 GB, GDDR5, 384 bit;925 MHz;1250 MHz;1536 / 96 / 32
1076;Radeon HD 7950 Monica BIOS 2;Tahiti;Jan 31st, 2012;PCIe 3.0 x16;3 GB, GDDR5, 384 bit;800 MHz;1250 MHz;768 / 48 / 32
1077;Radeon HD 7950M;Wimbledon;Apr 24th, 2012;MXM-B (3.0);2 GB, GDDR5, 256 bit;700 MHz;1000 MHz;1280 / 80 / 32
1078;Radeon HD 7970M;Wimbledon;Apr 24th, 2012;MXM-B (3.0);2 GB, GDDR5, 256 bit;850 MHz;1200 MHz;1280 / 80 / 32
1079;FirePro V7760;RV770;2012;PCIe 2.0 x16;1024 MB, GDDR3, 128 bit;750 MHz;850 MHz;800 / 40 / 8
1080;FirePro V7770;RV770;2012;PCIe 2.0 x16;1024 MB, GDDR4, 128 bit;625 MHz;1050 MHz;800 / 40 / 8
1081;Mobility Radeon HD 5570;Pinewood;Nov 23rd, 2012;PCIe 2.0 x16;1024 MB, GDDR3, 128 bit;550 MHz;800 MHz;400 / 20 / 8
1082;GeForce GT 635M;GF116;Mar 22nd, 2012;PCIe 2.0 x16;2 GB, DDR3, 128 bit;675 MHz;900 MHz;144 / 24 / 16
1083;GeForce GT 635M;GF116;Mar 22nd, 2012;PCIe 2.0 x16;2 GB, DDR3, 128 bit;650 MHz;900 MHz;144 / 24 / 16
1084;GeForce GT 640;GK107;Jun 5th, 2012;PCIe 3.0 x16;2 GB, DDR3, 128 bit;902 MHz;891 MHz;384 / 32 / 16
1085;GeForce GT 640 OEM;GK107;Apr 24th, 2012;PCIe 3.0 x16;2 GB, DDR3, 128 bit;797 MHz;891 MHz;384 / 32 / 16
1086;GeForce GT 640 OEM Rebrand;GF116;Apr 24th, 2012;PCIe 2.0 x16;1536 MB, DDR3, 192 bit;720 MHz;800 MHz;144 / 24 / 24
1087;GeForce GT 640M;GK107;Mar 22nd, 2012;PCIe 3.0 x16;2 GB, DDR3, 128 bit;624 MHz;900 MHz;384 / 32 / 16
1088;GeForce GT 640M LE;GK107;Mar 22nd, 2012;PCIe 3.0 x16;1024 MB, DDR3, 128 bit;500 MHz;900 MHz;384 / 32 / 16
1089;GeForce GT 645 OEM;GF114;Apr 24th, 2012;PCIe 2.0 x16;1024 MB, GDDR5, 192 bit;776 MHz;957 MHz;288 / 48 / 24
1090;GeForce GT 645M;GK107;Oct 1st, 2012;PCIe 3.0 x16;2 GB, DDR3, 128 bit;709 MHz;900 MHz;384 / 32 / 16
1091;GeForce GT 650M;GK107;Mar 22nd, 2012;PCIe 3.0 x16;1024 MB, DDR3, 128 bit;835 MHz;900 MHz;384 / 32 / 16
1092;GeForce GT 650M Mac Edition;GK107;Jul 12th, 2012;PCIe 3.0 x16;512 MB, GDDR5, 128 bit;900 MHz;1254 MHz;384 / 32 / 16
1093;GeForce GTS 450 Rev. 3;GF116;Jul 11th, 2012;PCIe 2.0 x16;1024 MB, DDR3, 128 bit;783 MHz;700 MHz;144 / 24 / 16
1094;GeForce GTX 560 SE;GF114;Feb 20th, 2012;PCIe 2.0 x16;1024 MB, GDDR5, 192 bit;736 MHz;957 MHz;288 / 48 / 24
1095;GeForce GTX 650;GK107;Sep 6th, 2012;PCIe 3.0 x16;1024 MB, GDDR5, 128 bit;1058 MHz;1250 MHz;384 / 32 / 16
1096;GeForce GTX 650 Ti;GK106;Oct 9th, 2012;PCIe 3.0 x16;1024 MB, GDDR5, 128 bit;928 MHz;1350 MHz;768 / 64 / 16
1097;GeForce GTX 660;GK106;Sep 6th, 2012;PCIe 3.0 x16;2 GB, GDDR5, 192 bit;980 MHz;1502 MHz;960 / 80 / 24
1098;GeForce GTX 660 OEM;GK104;Aug 22nd, 2012;PCIe 3.0 x16;2 GB, GDDR5, 256 bit;823 MHz;1400 MHz;1152 / 96 / 32
1099;GeForce GTX 660 OEM;GK104;Aug 22nd, 2012;PCIe 3.0 x16;1536 MB, GDDR5, 192 bit;823 MHz;1400 MHz;1152 / 96 / 24
1100;GeForce GTX 660 Ti;GK104;Aug 16th, 2012;PCIe 3.0 x16;2 GB, GDDR5, 192 bit;915 MHz;1502 MHz;1344 / 112 / 24
1101;GeForce GTX 660M;GK107;Mar 22nd, 2012;MXM-B (3.0);2 GB, GDDR5, 128 bit;835 MHz;1250 MHz;384 / 32 / 16
1102;GeForce GTX 670;GK104;May 10th, 2012;PCIe 3.0 x16;2 GB, GDDR5, 256 bit;915 MHz;1502 MHz;1344 / 112 / 32
1103;GeForce GTX 670M;GF114;Mar 22nd, 2012;MXM-B (3.0);1536 MB, GDDR5, 192 bit;598 MHz;750 MHz;336 / 56 / 24
1104;GeForce GTX 670MX;GK104;Oct 1st, 2012;PCIe 3.0 x16;3 GB, GDDR5, 192 bit;601 MHz;700 MHz;960 / 80 / 24
1105;GeForce GTX 675M;GF114;Mar 22nd, 2012;MXM-B (3.0);2 GB, GDDR5, 256 bit;620 MHz;750 MHz;384 / 64 / 32
1106;GeForce GTX 675MX;GK104;Oct 1st, 2012;MXM-B (3.0);2 GB, GDDR5, 256 bit;654 MHz;900 MHz;960 / 80 / 32
1107;GeForce GTX 680;GK104;Mar 22nd, 2012;PCIe 3.0 x16;2 GB, GDDR5, 256 bit;1006 MHz;1502 MHz;1536 / 128 / 32
1108;GeForce GTX 680M;GK104;Jun 4th, 2012;MXM-B (3.0);4 GB, GDDR5, 256 bit;719 MHz;900 MHz;1344 / 112 / 32
1109;GeForce GTX 680MX Mac Edition;GK104;Oct 23rd, 2012;PCIe 3.0 x16;2 GB, GDDR5, 256 bit;719 MHz;1250 MHz;1536 / 128 / 32
1110;Quadro 7000;GF110;May 2nd, 2012;PCIe 2.0 x16;6 GB, GDDR5, 384 bit;651 MHz;851 MHz;512 / 64 / 48
1111;Quadro K2000M;GK107;Jun 1st, 2012;MXM-A (3.0);2 GB, DDR3, 128 bit;745 MHz;900 MHz;384 / 32 / 16
1112;Quadro K3000M;GK104;Jun 1st, 2012;MXM-B (3.0);2 GB, GDDR5, 256 bit;654 MHz;700 MHz;576 / 48 / 32
1113;Quadro K4000M;GK104;Jun 1st, 2012;MXM-B (3.0);4 GB, GDDR5, 256 bit;601 MHz;700 MHz;960 / 80 / 32
1114;Quadro K5000;GK104;Aug 17th, 2012;PCIe 2.0 x16;4 GB, GDDR5, 256 bit;706 MHz;1350 MHz;1536 / 128 / 32
1115;Quadro K5000 Mac Edition;GK104;Aug 7th, 2012;PCIe 2.0 x16;4 GB, GDDR5, 256 bit;706 MHz;1350 MHz;1536 / 128 / 32
1116;Quadro K5000M;GK104;Aug 7th, 2012;MXM-B (3.0);4 GB, GDDR5, 256 bit;601 MHz;750 MHz;1344 / 112 / 32
1117;No graphics cards found. Please change your search criteria.;;;;;;;
1118;FirePro A300;Devastator;Jun 6th, 2012;PCIe 2.0 x16;System Shared;760 MHz;System Shared;384 / 24 / 8
1119;FirePro A320;Devastator;Jun 6th, 2012;PCIe 2.0 x16;System Shared;800 MHz;System Shared;384 / 24 / 8
1120;FirePro M4000;Chelsea;Jun 27th, 2012;MXM-A (3.0);1024 MB, GDDR5, 128 bit;675 MHz;1000 MHz;512 / 32 / 16
1121;FirePro M6000;Heathrow;Jul 1st, 2012;MXM-B (3.0);2 GB, GDDR5, 128 bit;800 MHz;1000 MHz;640 / 40 / 16
1122;FirePro S7000;Pitcairn;Aug 27th, 2012;PCIe 3.0 x16;4 GB, GDDR5, 256 bit;950 MHz;1200 MHz;1280 / 80 / 32
1123;FirePro S9000;Tahiti;Aug 24th, 2012;PCIe 3.0 x16;6 GB, GDDR5, 384 bit;900 MHz;1375 MHz;1792 / 112 / 32
1124;FirePro S9010;Tahiti;Aug 24th, 2012;PCIe 3.0 x16;3 GB, GDDR5, 384 bit;800 MHz;1250 MHz;1792 / 112 / 32
1125;FirePro V3900;Turks;Feb 7th, 2012;PCIe 2.0 x16;1024 MB, GDDR3, 128 bit;650 MHz;900 MHz;480 / 24 / 8
1126;FirePro W4000;Pitcairn;Aug 7th, 2012;PCIe 3.0 x16;2 GB, GDDR5, 256 bit;825 MHz;800 MHz;768 / 48 / 32
1127;FirePro W5000;Pitcairn;Aug 7th, 2012;PCIe 3.0 x16;2 GB, GDDR5, 256 bit;825 MHz;800 MHz;768 / 48 / 32
1128;FirePro W600;Cape Verde;Jun 13th, 2012;PCIe 3.0 x16;2 GB, GDDR5, 128 bit;750 MHz;1000 MHz;512 / 32 / 16
1129;FirePro W7000;Pitcairn;Jun 13th, 2012;PCIe 3.0 x16;4 GB, GDDR5, 256 bit;950 MHz;1200 MHz;1280 / 80 / 32
1130;FirePro W8000;Tahiti;Jun 14th, 2012;PCIe 3.0 x16;4 GB, GDDR5, 256 bit;900 MHz;1375 MHz;1792 / 112 / 32
1131;FirePro W9000;Tahiti;Jun 14th, 2012;PCIe 3.0 x16;6 GB, GDDR5, 384 bit;975 MHz;1375 MHz;2048 / 128 / 32
1132;Radeon HD 6850 1440SP Edition;Cypress;Aug 21st, 2012;PCIe 2.0 x16;1024 MB, GDDR5, 256 bit;725 MHz;1000 MHz;1440 / 72 / 32
1133;Radeon HD 7470A;Redwood;Jan 5th, 2012;MXM-A (3.0);1024 MB, DDR3, 64 bit;775 MHz;800 MHz;400 / 20 / 8
1134;Radeon HD 7550M;Thames;Jan 7th, 2012;PCIe 2.0 x16;1024 MB, DDR3, 128 bit;500 MHz;900 MHz;480 / 24 / 16
1135;Radeon HD 7570;Turks;Jan 5th, 2012;PCIe 2.0 x16;1024 MB, GDDR3, 128 bit;650 MHz;800 MHz;480 / 24 / 8
1136;Radeon HD 7570M;Thames;Jan 7th, 2012;PCIe 2.0 x16;1024 MB, GDDR5, 64 bit;500 MHz;800 MHz;480 / 24 / 16
1137;Radeon HD 7590M;Thames;Jan 7th, 2012;PCIe 2.0 x16;1024 MB, GDDR5, 64 bit;600 MHz;800 MHz;480 / 24 / 8
1138;Radeon HD 7650A;Onega;Jan 5th, 2012;MXM-A (3.0);1024 MB, DDR3, 128 bit;600 MHz;900 MHz;480 / 24 / 8
1139;Radeon HD 7650M;Thames;Jan 7th, 2012;PCIe 2.0 x16;1024 MB, DDR3, 128 bit;450 MHz;800 MHz;480 / 24 / 16
1140;Radeon HD 7660D IGP;Devastator;Oct 2nd, 2012;IGP;System Shared;760 MHz;System Shared;384 / 24 / 8
1141;Radeon HD 7660G IGP;Devastator;May 15th, 2012;IGP;System Shared;686 MHz;System Shared;384 / 24 / 8
1142;Radeon HD 7670 OEM;Turks;Jan 5th, 2012;PCIe 2.0 x16;512 MB, GDDR5, 128 bit;800 MHz;1000 MHz;480 / 24 / 8
1143;Radeon HD 7670A;Turks;Jan 5th, 2012;MXM-A (3.0);1024 MB, GDDR5, 128 bit;600 MHz;1000 MHz;480 / 24 / 8
1144;Radeon HD 7670M;Thames;Feb 17th, 2012;PCIe 2.0 x16;1024 MB, DDR3, 128 bit;600 MHz;900 MHz;480 / 24 / 16
1145;Radeon HD 7670M Rebrand;Whistler;Jul 1st, 2012;PCIe 2.0 x16;1024 MB, GDDR3, 128 bit;600 MHz;900 MHz;480 / 24 / 16
1146;Radeon HD 7690M Rebrand;Whistler;Jan 7th, 2012;PCIe 2.0 x16;1024 MB, GDDR3, 128 bit;600 MHz;800 MHz;480 / 24 / 8
1147;Radeon HD 7690M XT Rebrand;Whistler;Jan 4th, 2012;PCIe 2.0 x16;1024 MB, GDDR5, 128 bit;725 MHz;800 MHz;480 / 24 / 8
1148;Radeon HD 7730M;Chelsea;Apr 24th, 2012;PCIe 2.0 x16;2 GB, DDR3, 128 bit;575 MHz;900 MHz;512 / 32 / 16
1149;Radeon HD 7750;Cape Verde;Feb 15th, 2012;PCIe 3.0 x16;1024 MB, GDDR5, 128 bit;800 MHz;1125 MHz;512 / 32 / 16
1150;Radeon HD 7750M;Chelsea;Apr 24th, 2012;PCIe 2.0 x16;2 GB, GDDR5, 128 bit;575 MHz;1000 MHz;512 / 32 / 16
1151;Radeon HD 7770 GHz Edition;Cape Verde;Feb 15th, 2012;PCIe 3.0 x16;1024 MB, GDDR5, 128 bit;1000 MHz;1125 MHz;640 / 40 / 16
1152;Radeon HD 7770M;Chelsea;Apr 24th, 2012;PCIe 2.0 x16;1024 MB, GDDR5, 128 bit;675 MHz;1000 MHz;512 / 32 / 16
1153;Radeon HD 7850;Pitcairn;Mar 5th, 2012;PCIe 3.0 x16;2 GB, GDDR5, 256 bit;860 MHz;1200 MHz;1024 / 64 / 32
1154;Radeon HD 7850M;Heathrow;Apr 24th, 2012;PCIe 3.0 x16;2 GB, GDDR5, 128 bit;675 MHz;1000 MHz;640 / 40 / 16
1155;Radeon HD 7870 GHz Edition;Pitcairn;Mar 5th, 2012;PCIe 3.0 x16;2 GB, GDDR5, 256 bit;1000 MHz;1200 MHz;1280 / 80 / 32
1156;Radeon HD 7870 XT;Tahiti;Nov 19th, 2012;PCIe 3.0 x16;2 GB, GDDR5, 256 bit;925 MHz;1500 MHz;1536 / 96 / 32
1157;Radeon HD 7870M;Heathrow;Apr 24th, 2012;PCIe 3.0 x16;2 GB, GDDR5, 128 bit;800 MHz;1000 MHz;640 / 40 / 16
1158;Radeon HD 7950;Tahiti;Jan 31st, 2012;PCIe 3.0 x16;3 GB, GDDR5, 384 bit;800 MHz;1250 MHz;1792 / 112 / 32
1159;Radeon HD 7950 Boost;Tahiti;Jun 22nd, 2012;PCIe 3.0 x16;3 GB, GDDR5, 384 bit;850 MHz;1250 MHz;1792 / 112 / 32
1160;Radeon HD 7950 Monica BIOS 1;Tahiti;Jan 31st, 2012;PCIe 3.0 x16;3 GB, GDDR5, 384 bit;925 MHz;1250 MHz;1536 / 96 / 32
1161;Radeon HD 7950 Monica BIOS 2;Tahiti;Jan 31st, 2012;PCIe 3.0 x16;3 GB, GDDR5, 384 bit;800 MHz;1250 MHz;768 / 48 / 32
1162;Radeon HD 7950M;Wimbledon;Apr 24th, 2012;MXM-B (3.0);2 GB, GDDR5, 256 bit;700 MHz;1000 MHz;1280 / 80 / 32
1163;Radeon HD 7970M;Wimbledon;Apr 24th, 2012;MXM-B (3.0);2 GB, GDDR5, 256 bit;850 MHz;1200 MHz;1280 / 80 / 32
1164;FirePro V7760;RV770;2012;PCIe 2.0 x16;1024 MB, GDDR3, 128 bit;750 MHz;850 MHz;800 / 40 / 8
1165;FirePro V7770;RV770;2012;PCIe 2.0 x16;1024 MB, GDDR4, 128 bit;625 MHz;1050 MHz;800 / 40 / 8
1166;GeForce GT 640;GK107;Jun 5th, 2012;PCIe 3.0 x16;2 GB, DDR3, 128 bit;902 MHz;891 MHz;384 / 32 / 16
1167;GeForce GT 640 OEM;GK107;Apr 24th, 2012;PCIe 3.0 x16;2 GB, DDR3, 128 bit;797 MHz;891 MHz;384 / 32 / 16
1168;GeForce GT 640M;GK107;Mar 22nd, 2012;PCIe 3.0 x16;2 GB, DDR3, 128 bit;624 MHz;900 MHz;384 / 32 / 16
1169;GeForce GT 645 OEM;GF114;Apr 24th, 2012;PCIe 2.0 x16;1024 MB, GDDR5, 192 bit;776 MHz;957 MHz;288 / 48 / 24
1170;GeForce GT 645M;GK107;Oct 1st, 2012;PCIe 3.0 x16;2 GB, DDR3, 128 bit;709 MHz;900 MHz;384 / 32 / 16
1171;GeForce GT 650M;GK107;Mar 22nd, 2012;PCIe 3.0 x16;1024 MB, DDR3, 128 bit;835 MHz;900 MHz;384 / 32 / 16
1172;GeForce GT 650M Mac Edition;GK107;Jul 12th, 2012;PCIe 3.0 x16;512 MB, GDDR5, 128 bit;900 MHz;1254 MHz;384 / 32 / 16
1173;GeForce GTX 560 SE;GF114;Feb 20th, 2012;PCIe 2.0 x16;1024 MB, GDDR5, 192 bit;736 MHz;957 MHz;288 / 48 / 24
1174;GeForce GTX 650;GK107;Sep 6th, 2012;PCIe 3.0 x16;1024 MB, GDDR5, 128 bit;1058 MHz;1250 MHz;384 / 32 / 16
1175;GeForce GTX 650 Ti;GK106;Oct 9th, 2012;PCIe 3.0 x16;1024 MB, GDDR5, 128 bit;928 MHz;1350 MHz;768 / 64 / 16
1176;GeForce GTX 660;GK106;Sep 6th, 2012;PCIe 3.0 x16;2 GB, GDDR5, 192 bit;980 MHz;1502 MHz;960 / 80 / 24
1177;GeForce GTX 660 OEM;GK104;Aug 22nd, 2012;PCIe 3.0 x16;1536 MB, GDDR5, 192 bit;823 MHz;1400 MHz;1152 / 96 / 24
1178;GeForce GTX 660 OEM;GK104;Aug 22nd, 2012;PCIe 3.0 x16;2 GB, GDDR5, 256 bit;823 MHz;1400 MHz;1152 / 96 / 32
1179;GeForce GTX 660 Ti;GK104;Aug 16th, 2012;PCIe 3.0 x16;2 GB, GDDR5, 192 bit;915 MHz;1502 MHz;1344 / 112 / 24
1180;GeForce GTX 660M;GK107;Mar 22nd, 2012;MXM-B (3.0);2 GB, GDDR5, 128 bit;835 MHz;1250 MHz;384 / 32 / 16
1181;GeForce GTX 670;GK104;May 10th, 2012;PCIe 3.0 x16;2 GB, GDDR5, 256 bit;915 MHz;1502 MHz;1344 / 112 / 32
1182;GeForce GTX 670M;GF114;Mar 22nd, 2012;MXM-B (3.0);1536 MB, GDDR5, 192 bit;598 MHz;750 MHz;336 / 56 / 24
1183;GeForce GTX 670MX;GK104;Oct 1st, 2012;PCIe 3.0 x16;3 GB, GDDR5, 192 bit;601 MHz;700 MHz;960 / 80 / 24
1184;GeForce GTX 675M;GF114;Mar 22nd, 2012;MXM-B (3.0);2 GB, GDDR5, 256 bit;620 MHz;750 MHz;384 / 64 / 32
1185;GeForce GTX 675MX;GK104;Oct 1st, 2012;MXM-B (3.0);2 GB, GDDR5, 256 bit;654 MHz;900 MHz;960 / 80 / 32
1186;GeForce GTX 680;GK104;Mar 22nd, 2012;PCIe 3.0 x16;2 GB, GDDR5, 256 bit;1006 MHz;1502 MHz;1536 / 128 / 32
1187;GeForce GTX 680M;GK104;Jun 4th, 2012;MXM-B (3.0);4 GB, GDDR5, 256 bit;719 MHz;900 MHz;1344 / 112 / 32
1188;GeForce GTX 680MX Mac Edition;GK104;Oct 23rd, 2012;PCIe 3.0 x16;2 GB, GDDR5, 256 bit;719 MHz;1250 MHz;1536 / 128 / 32
1189;Quadro 7000;GF110;May 2nd, 2012;PCIe 2.0 x16;6 GB, GDDR5, 384 bit;651 MHz;851 MHz;512 / 64 / 48
1190;Quadro K2000M;GK107;Jun 1st, 2012;MXM-A (3.0);2 GB, DDR3, 128 bit;745 MHz;900 MHz;384 / 32 / 16
1191;Quadro K3000M;GK104;Jun 1st, 2012;MXM-B (3.0);2 GB, GDDR5, 256 bit;654 MHz;700 MHz;576 / 48 / 32
1192;Quadro K4000M;GK104;Jun 1st, 2012;MXM-B (3.0);4 GB, GDDR5, 256 bit;601 MHz;700 MHz;960 / 80 / 32
1193;Quadro K5000;GK104;Aug 17th, 2012;PCIe 2.0 x16;4 GB, GDDR5, 256 bit;706 MHz;1350 MHz;1536 / 128 / 32
1194;Quadro K5000 Mac Edition;GK104;Aug 7th, 2012;PCIe 2.0 x16;4 GB, GDDR5, 256 bit;706 MHz;1350 MHz;1536 / 128 / 32
1195;Quadro K5000M;GK104;Aug 7th, 2012;MXM-B (3.0);4 GB, GDDR5, 256 bit;601 MHz;750 MHz;1344 / 112 / 32
1196;FirePro S7000;Pitcairn;Aug 27th, 2012;PCIe 3.0 x16;4 GB, GDDR5, 256 bit;950 MHz;1200 MHz;1280 / 80 / 32
1197;FirePro S9000;Tahiti;Aug 24th, 2012;PCIe 3.0 x16;6 GB, GDDR5, 384 bit;900 MHz;1375 MHz;1792 / 112 / 32
1198;FirePro S9010;Tahiti;Aug 24th, 2012;PCIe 3.0 x16;3 GB, GDDR5, 384 bit;800 MHz;1250 MHz;1792 / 112 / 32
1199;FirePro W4000;Pitcairn;Aug 7th, 2012;PCIe 3.0 x16;2 GB, GDDR5, 256 bit;825 MHz;800 MHz;768 / 48 / 32
1200;FirePro W5000;Pitcairn;Aug 7th, 2012;PCIe 3.0 x16;2 GB, GDDR5, 256 bit;825 MHz;800 MHz;768 / 48 / 32
1201;FirePro W7000;Pitcairn;Jun 13th, 2012;PCIe 3.0 x16;4 GB, GDDR5, 256 bit;950 MHz;1200 MHz;1280 / 80 / 32
1202;FirePro W8000;Tahiti;Jun 14th, 2012;PCIe 3.0 x16;4 GB, GDDR5, 256 bit;900 MHz;1375 MHz;1792 / 112 / 32
1203;FirePro W9000;Tahiti;Jun 14th, 2012;PCIe 3.0 x16;6 GB, GDDR5, 384 bit;975 MHz;1375 MHz;2048 / 128 / 32
1204;Radeon HD 6850 1440SP Edition;Cypress;Aug 21st, 2012;PCIe 2.0 x16;1024 MB, GDDR5, 256 bit;725 MHz;1000 MHz;1440 / 72 / 32
1205;Radeon HD 7770 GHz Edition;Cape Verde;Feb 15th, 2012;PCIe 3.0 x16;1024 MB, GDDR5, 128 bit;1000 MHz;1125 MHz;640 / 40 / 16
1206;Radeon HD 7850;Pitcairn;Mar 5th, 2012;PCIe 3.0 x16;2 GB, GDDR5, 256 bit;860 MHz;1200 MHz;1024 / 64 / 32
1207;Radeon HD 7870 GHz Edition;Pitcairn;Mar 5th, 2012;PCIe 3.0 x16;2 GB, GDDR5, 256 bit;1000 MHz;1200 MHz;1280 / 80 / 32
1208;Radeon HD 7870 XT;Tahiti;Nov 19th, 2012;PCIe 3.0 x16;2 GB, GDDR5, 256 bit;925 MHz;1500 MHz;1536 / 96 / 32
1209;Radeon HD 7950;Tahiti;Jan 31st, 2012;PCIe 3.0 x16;3 GB, GDDR5, 384 bit;800 MHz;1250 MHz;1792 / 112 / 32
1210;Radeon HD 7950 Boost;Tahiti;Jun 22nd, 2012;PCIe 3.0 x16;3 GB, GDDR5, 384 bit;850 MHz;1250 MHz;1792 / 112 / 32
1211;Radeon HD 7950 Monica BIOS 1;Tahiti;Jan 31st, 2012;PCIe 3.0 x16;3 GB, GDDR5, 384 bit;925 MHz;1250 MHz;1536 / 96 / 32
1212;Radeon HD 7950 Monica BIOS 2;Tahiti;Jan 31st, 2012;PCIe 3.0 x16;3 GB, GDDR5, 384 bit;800 MHz;1250 MHz;768 / 48 / 32
1213;Radeon HD 7950M;Wimbledon;Apr 24th, 2012;MXM-B (3.0);2 GB, GDDR5, 256 bit;700 MHz;1000 MHz;1280 / 80 / 32
1214;Radeon HD 7970M;Wimbledon;Apr 24th, 2012;MXM-B (3.0);2 GB, GDDR5, 256 bit;850 MHz;1200 MHz;1280 / 80 / 32
1215;GeForce GTX 650 Ti;GK106;Oct 9th, 2012;PCIe 3.0 x16;1024 MB, GDDR5, 128 bit;928 MHz;1350 MHz;768 / 64 / 16
1216;GeForce GTX 660;GK106;Sep 6th, 2012;PCIe 3.0 x16;2 GB, GDDR5, 192 bit;980 MHz;1502 MHz;960 / 80 / 24
1217;GeForce GTX 660 OEM;GK104;Aug 22nd, 2012;PCIe 3.0 x16;2 GB, GDDR5, 256 bit;823 MHz;1400 MHz;1152 / 96 / 32
1218;GeForce GTX 660 OEM;GK104;Aug 22nd, 2012;PCIe 3.0 x16;1536 MB, GDDR5, 192 bit;823 MHz;1400 MHz;1152 / 96 / 24
1219;GeForce GTX 660 Ti;GK104;Aug 16th, 2012;PCIe 3.0 x16;2 GB, GDDR5, 192 bit;915 MHz;1502 MHz;1344 / 112 / 24
1220;GeForce GTX 670;GK104;May 10th, 2012;PCIe 3.0 x16;2 GB, GDDR5, 256 bit;915 MHz;1502 MHz;1344 / 112 / 32
1221;GeForce GTX 670MX;GK104;Oct 1st, 2012;PCIe 3.0 x16;3 GB, GDDR5, 192 bit;601 MHz;700 MHz;960 / 80 / 24
1222;GeForce GTX 675MX;GK104;Oct 1st, 2012;MXM-B (3.0);2 GB, GDDR5, 256 bit;654 MHz;900 MHz;960 / 80 / 32
1223;GeForce GTX 680;GK104;Mar 22nd, 2012;PCIe 3.0 x16;2 GB, GDDR5, 256 bit;1006 MHz;1502 MHz;1536 / 128 / 32
1224;GeForce GTX 680M;GK104;Jun 4th, 2012;MXM-B (3.0);4 GB, GDDR5, 256 bit;719 MHz;900 MHz;1344 / 112 / 32
1225;GeForce GTX 680MX Mac Edition;GK104;Oct 23rd, 2012;PCIe 3.0 x16;2 GB, GDDR5, 256 bit;719 MHz;1250 MHz;1536 / 128 / 32
1226;Quadro 7000;GF110;May 2nd, 2012;PCIe 2.0 x16;6 GB, GDDR5, 384 bit;651 MHz;851 MHz;512 / 64 / 48
1227;Quadro K4000M;GK104;Jun 1st, 2012;MXM-B (3.0);4 GB, GDDR5, 256 bit;601 MHz;700 MHz;960 / 80 / 32
1228;Quadro K5000;GK104;Aug 17th, 2012;PCIe 2.0 x16;4 GB, GDDR5, 256 bit;706 MHz;1350 MHz;1536 / 128 / 32
1229;Quadro K5000 Mac Edition;GK104;Aug 7th, 2012;PCIe 2.0 x16;4 GB, GDDR5, 256 bit;706 MHz;1350 MHz;1536 / 128 / 32
1230;Quadro K5000M;GK104;Aug 7th, 2012;MXM-B (3.0);4 GB, GDDR5, 256 bit;601 MHz;750 MHz;1344 / 112 / 32
1231;No graphics cards found. Please change your search criteria.;;;;;;;
1232;No graphics cards found. Please change your search criteria.;;;;;;;
1233;Radeon R9 255 OEM;Cape Verde;Dec 21st, 2013;PCIe 3.0 x16;2 GB, GDDR5, 128 bit;900 MHz;1150 MHz;512 / 32 / 16
1234;Xeon Phi 5120D;Knights Corner;Jun 17th, 2013;PCIe 2.0 x16;8 GB, GDDR5, 512 bit;1053 MHz;1250 MHz;960 / 32 / 0
1235;Xeon Phi 7120P;Knights Corner;Jun 17th, 2013;PCIe 3.0 x16;16 GB, GDDR5, 512 bit;1238 MHz;1375 MHz;976 / 32 / 0
1236;Xeon Phi 7120X;Knights Corner;Jun 17th, 2013;PCIe 3.0 x16;16 GB, GDDR5, 512 bit;1238 MHz;1375 MHz;976 / 32 / 0
1237;GRID K1;GK107;Mar 18th, 2013;PCIe 3.0 x16;4 GB, DDR3, 128 bit;850 MHz;891 MHz;192 / 16 / 16
1238;GRID K100;GK107;Jun 28th, 2013;PCIe 3.0 x16;256 MB, DDR3, 128 bit;850 MHz;891 MHz;192 / 16 / 16
1239;GRID K140Q;GK107;Jun 28th, 2013;PCIe 3.0 x16;1024 MB, DDR3, 128 bit;850 MHz;891 MHz;192 / 16 / 16
1240;GRID K160Q;GK107;Jun 28th, 2013;PCIe 3.0 x16;1024 MB, DDR3, 128 bit;850 MHz;891 MHz;192 / 16 / 16
1241;GRID K180Q;GK107;Jun 28th, 2013;PCIe 3.0 x16;1024 MB, DDR3, 128 bit;850 MHz;891 MHz;192 / 16 / 16
1242;GRID K2;GK104;May 11th, 2013;PCIe 3.0 x16;4 GB, GDDR5, 256 bit;745 MHz;1250 MHz;1536 / 128 / 32
1243;GRID K200;GK104;Jun 28th, 2013;PCIe 3.0 x16;256 MB, GDDR5, 256 bit;745 MHz;1250 MHz;1536 / 128 / 32
1244;GRID K240Q;GK104;Jun 28th, 2013;PCIe 3.0 x16;1024 MB, GDDR5, 256 bit;745 MHz;1250 MHz;1536 / 128 / 32
1245;GRID K260Q;GK104;Jun 28th, 2013;PCIe 3.0 x16;2 GB, GDDR5, 256 bit;745 MHz;1250 MHz;1536 / 128 / 32
1246;GRID K280Q;GK104;Jun 28th, 2013;PCIe 3.0 x16;4 GB, GDDR5, 256 bit;745 MHz;1250 MHz;1536 / 128 / 32
1247;GRID K340;GK107;Jul 23rd, 2013;PCIe 3.0 x16;1024 MB, GDDR5, 128 bit;954 MHz;1250 MHz;384 / 32 / 16
1248;GRID K520;GK104;Jul 23rd, 2013;PCIe 3.0 x16;4 GB, GDDR5, 256 bit;745 MHz;1250 MHz;1536 / 128 / 32
1249;Tesla K20m;GK110;Jan 5th, 2013;PCIe 2.0 x16;5 GB, GDDR5, 320 bit;706 MHz;1300 MHz;2496 / 208 / 40
1250;Tesla K20s;GK110;Feb 18th, 2013;PCIe 2.0 x16;5 GB, GDDR5, 320 bit;575 MHz;1300 MHz;2496 / 208 / 40
1251;Tesla K40c;GK180;Oct 8th, 2013;PCIe 3.0 x16;12 GB, GDDR5, 384 bit;745 MHz;1502 MHz;2880 / 240 / 48
1252;Tesla K40d;GK110B;Nov 22nd, 2013;PCIe 3.0 x16;12 GB, GDDR5, 384 bit;745 MHz;1502 MHz;2880 / 240 / 48
1253;Tesla K40m;GK110B;Nov 22nd, 2013;PCIe 3.0 x16;12 GB, GDDR5, 384 bit;745 MHz;1502 MHz;2880 / 240 / 48
1254;Tesla K40s;GK110B;Nov 22nd, 2013;PCIe 3.0 x16;12 GB, GDDR5, 384 bit;745 MHz;1502 MHz;2880 / 240 / 48
1255;Tesla K40st;GK110B;Nov 22nd, 2013;PCIe 3.0 x16;12 GB, GDDR5, 384 bit;575 MHz;1502 MHz;2880 / 240 / 48
1256;Tesla K40t;GK110B;Nov 22nd, 2013;PCIe 3.0 x16;12 GB, GDDR5, 384 bit;745 MHz;1502 MHz;2880 / 240 / 48
1257;Radeon HD 7990;Malta;Apr 24th, 2013;PCIe 3.0 x16;3 GB, GDDR5, 384 bit;950 MHz;1500 MHz;2048 / 128 / 32
1258;Radeon HD 8180 IGP;Kalindi;Nov 2013;IGP;System Shared;225 MHz;System Shared;128 / 8 / 4
1259;Radeon HD 8210E;Kalindi;Apr 23rd, 2013;IGP;System Shared;300 MHz;System Shared;128 / 8 / 4
1260;Radeon HD 8990 OEM;Malta;Apr 24th, 2013;PCIe 3.0 x16;3 GB, GDDR5, 384 bit;950 MHz;1500 MHz;2048 / 128 / 32
1261;Radeon R9 280X;Tahiti;Oct 8th, 2013;PCIe 3.0 x16;3 GB, GDDR5, 384 bit;850 MHz;1500 MHz;2048 / 128 / 32
1262;Radeon R9 280X2;Tahiti;Unknown;PCIe 3.0 x16;3 GB, GDDR5, 384 bit;950 MHz;1500 MHz;2048 / 128 / 32
1263;Radeon R9 290;Hawaii;Nov 5th, 2013;PCIe 3.0 x16;4 GB, GDDR5, 512 bit;947 MHz;1250 MHz;2560 / 160 / 64
1264;Radeon R9 290X;Hawaii;Oct 24th, 2013;PCIe 3.0 x16;4 GB, GDDR5, 512 bit;1000 MHz;1250 MHz;2816 / 176 / 64
1265;Radeon Sky 900;Tahiti;Mar 27th, 2013;PCIe 3.0 x16;3 GB, GDDR5, 384 bit;825 MHz;1250 MHz;1792 / 112 / 32
1266;HD Graphics;Bay Trail GT1;Sep 2nd, 2013;Ring Bus;System Shared;311 MHz;System Shared;32 / 4 / 1
1267;HD Graphics;Haswell GT1;Apr 29th, 2013;Ring Bus;System Shared;200 MHz;System Shared;80 / 10 / 1
1268;GeForce 505 OEM;GT218;Jan 6th, 2013;PCIe 1.0 x16;512 MB, DDR3, 64 bit;589 MHz;600 MHz;16 / 8 / 4
1269;GeForce 705M;GF119;Unknown;PCIe 2.0 x16;1024 MB, DDR3, 64 bit;475 MHz;900 MHz;48 / 8 / 4
1270;GeForce GTX 780;GK110;May 23rd, 2013;PCIe 3.0 x16;3 GB, GDDR5, 384 bit;863 MHz;1502 MHz;2304 / 192 / 48
1271;GeForce GTX 780 6 GB;GK110B;Sep 10th, 2013;PCIe 3.0 x16;6 GB, GDDR5, 384 bit;863 MHz;1502 MHz;2304 / 192 / 48
1272;GeForce GTX 780 Rev. 2;GK110B;Sep 10th, 2013;PCIe 3.0 x16;3 GB, GDDR5, 384 bit;863 MHz;1502 MHz;2304 / 192 / 48
1273;GeForce GTX 780 Ti;GK110B;Nov 7th, 2013;PCIe 3.0 x16;3 GB, GDDR5, 384 bit;875 MHz;1753 MHz;2880 / 240 / 48
1274;GeForce GTX 780 Ti 6 GB;GK110B;Never Released;PCIe 3.0 x16;6 GB, GDDR5, 384 bit;875 MHz;1753 MHz;2880 / 240 / 48
1275;GeForce GTX TITAN;GK110;Feb 19th, 2013;PCIe 3.0 x16;6 GB, GDDR5, 384 bit;836 MHz;1502 MHz;2688 / 224 / 48
1276;NVS 315;GF119;Mar 10th, 2013;PCIe 2.0 x16;1024 MB, DDR3, 64 bit;523 MHz;875 MHz;48 / 8 / 4
1277;Quadro K6000;GK110B;Jul 23rd, 2013;PCIe 3.0 x16;12 GB, GDDR5, 384 bit;797 MHz;1502 MHz;2880 / 240 / 48
1278;Quadro K6000 SDI;GK110;Jul 23rd, 2013;PCIe 3.0 x16;12 GB, GDDR5, 384 bit;902 MHz;1502 MHz;2880 / 240 / 48
1279;Tegra 4 GPU;Wayne;Aug 1st, 2013;IGP;System Shared;672 MHz;System Shared;48 / 24 / 4 / 4
1280;Tegra 4i GPU;Wayne;Feb 19th, 2013;IGP;System Shared;660 MHz;System Shared;48 / 12 / 2 / 2
1281;FirePro M4100;Mars;Oct 16th, 2013;PCIe 3.0 x8;2 GB, GDDR5, 128 bit;670 MHz;1000 MHz;384 / 24 / 8
1282;FirePro M4150;Opal;Oct 16th, 2013;PCIe 3.0 x8;1024 MB, GDDR5, 128 bit;715 MHz;1000 MHz;384 / 24 / 8
1283;FirePro M5100;Venus;Oct 16th, 2013;MXM-A (3.0);2 GB, GDDR5, 128 bit;725 MHz;1125 MHz;640 / 40 / 16
1284;FirePro M6100;Saturn;Oct 16th, 2013;MXM-B (3.0);2 GB, GDDR5, 128 bit;1075 MHz;1375 MHz;768 / 48 / 16
1285;Playstation 4 GPU;Liverpool;Nov 24th, 2013;IGP;8 GB, GDDR5, 256 bit;800 MHz;1375 MHz;1152 / 72 / 32
1286;Radeon HD 8240 Mobile IGP;Kalindi;Nov 1st, 2013;IGP;System Shared;400 MHz;System Shared;128 / 8 / 4
1287;Radeon HD 8250 IGP;Kalindi;May 23rd, 2013;IGP;System Shared;300 MHz;System Shared;128 / 8 / 4
1288;Radeon HD 8280 IGP;Kalindi;Sep 18th, 2013;IGP;System Shared;450 MHz;System Shared;128 / 8 / 4
1289;Radeon HD 8280 Mobile IGP;Kalindi;Sep 18th, 2013;IGP;System Shared;450 MHz;System Shared;128 / 8 / 4
1290;Radeon HD 8310G IGP;Scrapper Lite;Jul 2013;IGP;System Shared;424 MHz;System Shared;128 / 8 / 4
1291;Radeon HD 8330 Mobile IGP;Kalindi;Aug 13th, 2013;IGP;System Shared;497 MHz;System Shared;128 / 8 / 4
1292;Radeon HD 8370D IGP;Scrapper Lite;Jul 2013;IGP;System Shared;760 MHz;System Shared;128 / 8 / 4
1293;Radeon HD 8400 IGP;Kalindi;Nov 23rd, 2013;IGP;System Shared;600 MHz;System Shared;128 / 8 / 4
1294;Radeon HD 8400 Mobile IGP;Kalindi;Nov 23rd, 2013;IGP;System Shared;600 MHz;System Shared;128 / 8 / 4
1295;Radeon HD 8410G IGP;Scrapper;May 23rd, 2013;IGP;System Shared;450 MHz;System Shared;192 / 12 / 4
1296;Radeon HD 8450G IGP;Scrapper;May 23rd, 2013;IGP;System Shared;533 MHz;System Shared;192 / 12 / 4
1297;Radeon HD 8470D IGP;Scrapper;Jul 29th, 2013;IGP;System Shared;800 MHz;System Shared;192 / 12 / 4
1298;Radeon HD 8490 OEM;Caicos;Jul 23rd, 2013;PCIe 2.0 x16;1024 MB, DDR3, 64 bit;875 MHz;900 MHz;160 / 8 / 4
1299;Radeon HD 8510 OEM;Turks;Jul 23rd, 2013;PCIe 2.0 x16;1024 MB, GDDR3, 128 bit;650 MHz;800 MHz;480 / 24 / 8
1300;Radeon HD 8510G IGP;Devastator;May 23rd, 2013;IGP;System Shared;554 MHz;System Shared;384 / 24 / 8
1301;Radeon HD 8550 OEM;Turks;Oct 25th, 2013;PCIe 2.0 x16;1024 MB, GDDR3, 128 bit;650 MHz;800 MHz;480 / 24 / 8
1302;Radeon HD 8550D IGP;Scrapper;May 23rd, 2013;IGP;System Shared;720 MHz;System Shared;256 / 16 / 8
1303;Radeon HD 8550G IGP;Devastator Lite;May 23rd, 2013;IGP;System Shared;515 MHz;System Shared;256 / 16 / 8
1304;Radeon HD 8570 OEM Rebrand;Turks;Jul 23rd, 2013;PCIe 2.0 x16;1024 MB, GDDR3, 128 bit;650 MHz;800 MHz;480 / 24 / 8
1305;Radeon HD 8570D IGP;Devastator Lite;Jul 10th, 2013;IGP;System Shared;800 MHz;System Shared;256 / 16 / 8
1306;Radeon HD 8610G IGP;Devastator;May 23rd, 2013;IGP;System Shared;533 MHz;System Shared;384 / 24 / 8
1307;Radeon HD 8650D IGP;Scrapper;Dec 28th, 2013;IGP;System Shared;720 MHz;System Shared;384 / 24 / 8
1308;Radeon HD 8650G IGP;Devastator;May 23rd, 2013;IGP;System Shared;533 MHz;System Shared;384 / 24 / 8
1309;Radeon HD 8730 OEM;Cape Verde;Sep 5th, 2013;PCIe 3.0 x16;1024 MB, GDDR5, 128 bit;800 MHz;1125 MHz;384 / 24 / 8
1310;Radeon HD 8740 OEM;Cape Verde;Sep 5th, 2013;PCIe 3.0 x16;1024 MB, GDDR5, 128 bit;800 MHz;1125 MHz;512 / 32 / 16
1311;Radeon HD 8770 OEM;Bonaire;Sep 2nd, 2013;PCIe 3.0 x16;1024 MB, GDDR5, 128 bit;1050 MHz;1500 MHz;896 / 56 / 16
1312;Radeon HD 8950M;Saturn;May 14th, 2013;PCIe 3.0 x16;2 GB, GDDR5, 128 bit;1075 MHz;1375 MHz;768 / 48 / 16
1313;Radeon HD 8970M;Neptune;May 14th, 2013;PCIe 3.0 x16;4 GB, GDDR5, 256 bit;850 MHz;1200 MHz;1280 / 80 / 32
1314;Radeon R5 220 OEM;Cedar;Dec 21st, 2013;PCIe 2.0 x16;1024 MB, DDR3, 64 bit;650 MHz;533 MHz;80 / 8 / 4
1315;Radeon R5 230 OEM;Caicos;Dec 21st, 2013;PCIe 2.0 x16;1024 MB, DDR3, 64 bit;625 MHz;667 MHz;160 / 8 / 4
1316;Radeon R5 235 OEM;Caicos;Dec 21st, 2013;PCIe 2.0 x16;1024 MB, DDR3, 64 bit;775 MHz;900 MHz;160 / 8 / 4
1317;Radeon R5 235X OEM;Caicos;Dec 21st, 2013;PCIe 2.0 x16;1024 MB, DDR3, 64 bit;875 MHz;900 MHz;160 / 8 / 4
1318;Radeon R5 240 OEM;Oland;Nov 1st, 2013;PCIe 3.0 x8;2 GB, DDR3, 64 bit;730 MHz;900 MHz;384 / 24 / 8
1319;Radeon R7 240;Oland;Oct 8th, 2013;PCIe 3.0 x8;2 GB, GDDR5, 128 bit;650 MHz;1150 MHz;320 / 20 / 8
1320;Radeon R7 240;Oland;Oct 8th, 2013;PCIe 3.0 x8;2 GB, DDR3, 128 bit;730 MHz;900 MHz;320 / 20 / 8
1321;Radeon R7 240 OEM;Oland;Nov 1st, 2013;PCIe 3.0 x8;2 GB, DDR3, 128 bit;730 MHz;900 MHz;320 / 20 / 8
1322;Radeon R7 250;Cape Verde;Oct 8th, 2013;PCIe 3.0 x16;1024 MB, DDR3, 128 bit;925 MHz;900 MHz;512 / 32 / 16
1323;Radeon R7 250;Cape Verde;Oct 8th, 2013;PCIe 3.0 x16;1024 MB, DDR3, 128 bit;700 MHz;900 MHz;512 / 32 / 16
1324;Radeon R7 250;Oland;Oct 8th, 2013;PCIe 3.0 x8;1024 MB, GDDR5, 128 bit;1000 MHz;1150 MHz;384 / 24 / 8
1325;Radeon R7 250 OEM;Oland;Oct 8th, 2013;PCIe 3.0 x8;2 GB, DDR3, 128 bit;1000 MHz;1000 MHz;384 / 24 / 8
1326;Radeon R7 250E;Cape Verde;Dec 20th, 2013;PCIe 3.0 x16;1024 MB, GDDR5, 128 bit;800 MHz;1125 MHz;512 / 32 / 16
1327;Radeon R7 260;Bonaire;Dec 17th, 2013;PCIe 3.0 x16;2 GB, GDDR5, 128 bit;1000 MHz;1500 MHz;768 / 48 / 16
1328;Radeon R7 260X;Bonaire;Oct 8th, 2013;PCIe 3.0 x16;2 GB, GDDR5, 128 bit;1100 MHz;1625 MHz;896 / 56 / 16
1329;Radeon R9 260 OEM;Bonaire;Dec 21st, 2013;PCIe 3.0 x16;1024 MB, GDDR5, 128 bit;1100 MHz;1625 MHz;896 / 56 / 16
1330;Radeon R9 270;Curacao;Nov 13th, 2013;PCIe 3.0 x16;2 GB, GDDR5, 256 bit;900 MHz;1400 MHz;1280 / 80 / 32
1331;Radeon R9 270X;Curacao;Oct 8th, 2013;PCIe 3.0 x16;2 GB, GDDR5, 256 bit;1000 MHz;1400 MHz;1280 / 80 / 32
1332;Xbox One GPU;Durango;Nov 22nd, 2013;IGP;8 GB, DDR3, 256 bit;853 MHz;1066 MHz;768 / 48 / 16
1333;Xbox 360 E GPU;Xenos Corona;Jun 10th, 2013;IGP;512 MB, GDDR3, 128 bit;500 MHz;700 MHz;240 / 16 / 8
1334;HD Graphics 4200;Haswell GT2;Sep 2nd, 2013;Ring Bus;System Shared;200 MHz;System Shared;160 / 20 / 2
1335;HD Graphics 4400;Haswell GT2;Sep 3rd, 2013;Ring Bus;System Shared;200 MHz;System Shared;160 / 20 / 2
1336;HD Graphics 4400;Haswell GT2;Sep 3rd, 2013;Ring Bus;System Shared;200 MHz;System Shared;160 / 20 / 2
1337;HD Graphics 4600;Haswell GT2;Jun 3rd, 2013;Ring Bus;System Shared;350 MHz;System Shared;160 / 20 / 2
1338;HD Graphics 4600;Haswell GT2;May 27th, 2013;Ring Bus;System Shared;400 MHz;System Shared;160 / 20 / 2
1339;HD Graphics 5000;Haswell GT3;May 27th, 2013;Ring Bus;System Shared;200 MHz;System Shared;320 / 40 / 4
1340;HD Graphics P4600;Haswell GT2;Jun 1st, 2013;Ring Bus;System Shared;350 MHz;System Shared;160 / 20 / 2
1341;HD Graphics P4700;Haswell GT2;Jun 1st, 2013;Ring Bus;System Shared;350 MHz;System Shared;160 / 20 / 2
1342;Iris Graphics 5100;Haswell GT3;May 27th, 2013;Ring Bus;System Shared;200 MHz;System Shared;320 / 40 / 4
1343;Iris Pro Graphics 5200;Haswell GT3e;Jun 3rd, 2013;Ring Bus;System Shared;200 MHz;System Shared;320 / 40 / 4
1344;Iris Pro Graphics 5200;Haswell GT3e;May 27th, 2013;Ring Bus;System Shared;200 MHz;System Shared;320 / 40 / 4
1345;GeForce 705A;GF119;Oct 1st, 2013;PCIe 2.0 x16;1024 MB, DDR3, 64 bit;738 MHz;900 MHz;48 / 8 / 4
1346;GeForce 705M;GF117;Sep 27th, 2013;PCIe 2.0 x16;1024 MB, DDR3, 64 bit;738 MHz;900 MHz;48 / 8 / 8
1347;GeForce 710M;GK208;Jul 24th, 2013;PCIe 3.0 x8;1024 MB, DDR3, 64 bit;719 MHz;900 MHz;192 / 16 / 8
1348;GeForce 820M;GF117;Nov 27th, 2013;PCIe 2.0 x16;1024 MB, DDR3, 64 bit;625 MHz;900 MHz;96 / 16 / 8
1349;GeForce GT 630 Rev. 2;GK208;May 29th, 2013;PCIe 2.0 x8;2 GB, DDR3, 64 bit;902 MHz;900 MHz;384 / 32 / 8
1350;GeForce GT 630 Rev. 2 PCIe x8;GK208;May 29th, 2013;PCIe 2.0 x8;2 GB, DDR3, 64 bit;902 MHz;900 MHz;384 / 32 / 8
1351;GeForce GT 635 OEM;GK208;Oct 1st, 2013;PCIe 3.0 x8;1024 MB, DDR3, 64 bit;967 MHz;900 MHz;384 / 32 / 8
1352;GeForce GT 640 Rev. 2;GK208;May 29th, 2013;PCIe 2.0 x8;1024 MB, GDDR5, 64 bit;1046 MHz;1252 MHz;384 / 32 / 8
1353;GeForce GT 720M;GK208;Dec 25th, 2013;PCIe 2.0 x8;2 GB, DDR3, 64 bit;719 MHz;800 MHz;192 / 16 / 8
1354;GeForce GT 740A;GK208;Aug 26th, 2013;PCIe 3.0 x8;2 GB, DDR3, 64 bit;980 MHz;900 MHz;384 / 32 / 8
1355;GeForce GT 740M;GK208;Jun 20th, 2013;PCIe 3.0 x8;2 GB, DDR3, 64 bit;980 MHz;900 MHz;384 / 32 / 8
1356;GeForce GT 745A;GK107;Aug 26th, 2013;PCIe 3.0 x16;2 GB, DDR3, 128 bit;837 MHz;900 MHz;384 / 32 / 16
1357;GeForce GT 750M Mac Edition;GK107;Nov 8th, 2013;PCIe 3.0 x16;1024 MB, GDDR5, 128 bit;926 MHz;1254 MHz;384 / 32 / 16
1358;GeForce GT 755M;GK107;Jun 25th, 2013;PCIe 3.0 x16;2 GB, GDDR5, 128 bit;980 MHz;1350 MHz;384 / 32 / 16
1359;GeForce GT 755M Mac Edition;GK107;Nov 8th, 2013;PCIe 3.0 x16;1024 MB, GDDR5, 128 bit;1085 MHz;1250 MHz;384 / 32 / 16
1360;GeForce GTX 650;GK106;Nov 27th, 2013;PCIe 3.0 x16;1024 MB, GDDR5, 128 bit;1058 MHz;1250 MHz;384 / 32 / 16
1361;GeForce GTX 760;GK104;Jun 25th, 2013;PCIe 3.0 x16;2 GB, GDDR5, 256 bit;980 MHz;1502 MHz;1152 / 96 / 32
1362;GeForce GTX 760 OEM;GK104;Jun 27th, 2013;PCIe 3.0 x16;1536 MB, GDDR5, 192 bit;823 MHz;1400 MHz;1152 / 96 / 24
1363;GeForce GTX 760 OEM Rebrand;GK104;Aug 25th, 2013;PCIe 3.0 x16;3 GB, GDDR5, 256 bit;823 MHz;1400 MHz;1152 / 96 / 32
1364;GeForce GTX 760 Ti OEM;GK104;Sep 27th, 2013;PCIe 3.0 x16;2 GB, GDDR5, 256 bit;915 MHz;1502 MHz;1344 / 112 / 32
1365;GeForce GTX 760 Ti OEM Rebrand;GK104;Aug 25th, 2013;PCIe 3.0 x16;2 GB, GDDR5, 256 bit;915 MHz;1502 MHz;1344 / 112 / 32
1366;GeForce GTX 760 X2;GK104;Nov 19th, 2013;PCIe 3.0 x16;2 GB, GDDR5, 256 bit;1006 MHz;1502 MHz;1152 / 96 / 32
1367;GeForce GTX 760M;GK106;May 30th, 2013;PCIe 3.0 x16;2 GB, GDDR5, 128 bit;628 MHz;1002 MHz;768 / 64 / 16
1368;GeForce GTX 765M;GK106;May 30th, 2013;MXM-B (3.0);2 GB, GDDR5, 128 bit;797 MHz;1002 MHz;768 / 64 / 16
1369;GeForce GTX 770;GK104;May 30th, 2013;PCIe 3.0 x16;2 GB, GDDR5, 256 bit;1046 MHz;1753 MHz;1536 / 128 / 32
1370;GeForce GTX 770M;GK106;May 30th, 2013;MXM-B (3.0);3 GB, GDDR5, 192 bit;706 MHz;1002 MHz;960 / 80 / 24
1371;GeForce GTX 775M Mac Edition;GK104;Nov 8th, 2013;MXM-B (3.0);2 GB, GDDR5, 256 bit;797 MHz;1250 MHz;1344 / 112 / 32
1372;GeForce GTX 780M;GK104;May 11th, 2013;MXM-B (3.0);4 GB, GDDR5, 256 bit;771 MHz;1250 MHz;1536 / 128 / 32
1373;GeForce GTX 780M Mac Edition;GK104;Nov 8th, 2013;MXM-B (3.0);4 GB, GDDR5, 256 bit;784 MHz;1250 MHz;1536 / 128 / 32
1374;Playstation 3 GPU 28nm;RSX-28nm;Jun 3rd, 2013;IGP;256 MB, GDDR3, 128 bit;550 MHz;650 MHz;24 / 8 / 24 / 8
1375;Quadro K1100M;GK107;Jul 23rd, 2013;MXM-A (3.0);2 GB, GDDR5, 128 bit;706 MHz;700 MHz;384 / 32 / 16
1376;Quadro K2100M;GK106;Jul 23rd, 2013;MXM-A (3.0);2 GB, GDDR5, 128 bit;667 MHz;752 MHz;576 / 48 / 16
1377;Quadro K3100M;GK104;Jul 23rd, 2013;MXM-B (3.0);4 GB, GDDR5, 256 bit;706 MHz;800 MHz;768 / 64 / 32
1378;Quadro K4100M;GK104;Jul 23rd, 2013;MXM-B (3.0);4 GB, GDDR5, 256 bit;706 MHz;800 MHz;1152 / 96 / 32
1379;Quadro K5100M;GK104;Jul 23rd, 2013;MXM-B (3.0);8 GB, GDDR5, 256 bit;771 MHz;900 MHz;1536 / 128 / 32
1380;Quadro K510M;GK208;Jul 23rd, 2013;MXM-A (3.0);1024 MB, GDDR5, 64 bit;889 MHz;600 MHz;192 / 16 / 8
1381;Quadro K610M;GK208;Jul 23rd, 2013;MXM-A (3.0);1024 MB, GDDR5, 64 bit;954 MHz;650 MHz;192 / 16 / 8
1382;FirePro M4100;Mars;Oct 16th, 2013;PCIe 3.0 x8;2 GB, GDDR5, 128 bit;670 MHz;1000 MHz;384 / 24 / 8
1383;FirePro M4150;Opal;Oct 16th, 2013;PCIe 3.0 x8;1024 MB, GDDR5, 128 bit;715 MHz;1000 MHz;384 / 24 / 8
1384;FirePro M5100;Venus;Oct 16th, 2013;MXM-A (3.0);2 GB, GDDR5, 128 bit;725 MHz;1125 MHz;640 / 40 / 16
1385;FirePro M6100;Saturn;Oct 16th, 2013;MXM-B (3.0);2 GB, GDDR5, 128 bit;1075 MHz;1375 MHz;768 / 48 / 16
1386;Playstation 4 GPU;Liverpool;Nov 24th, 2013;IGP;8 GB, GDDR5, 256 bit;800 MHz;1375 MHz;1152 / 72 / 32
1387;Radeon HD 6610;Redwood;Mar 20th, 2013;PCIe 2.0 x16;1024 MB, GDDR3, 128 bit;650 MHz;800 MHz;400 / 20 / 8
1388;Radeon HD 6770 Green Edition;Juniper;Apr 19th, 2013;PCIe 2.0 x16;2 GB, GDDR3, 128 bit;700 MHz;667 MHz;720 / 36 / 16
1389;Radeon HD 7570 OEM;Redwood;Mar 20th, 2013;PCIe 2.0 x16;1024 MB, GDDR3, 128 bit;650 MHz;800 MHz;400 / 20 / 8
1390;Radeon HD 7720 OEM;Barts;Mar 15th, 2013;PCIe 2.0 x16;1024 MB, GDDR5, 256 bit;840 MHz;1050 MHz;800 / 40 / 32
1391;Radeon HD 7730;Cape Verde;May 1st, 2013;PCIe 3.0 x16;1024 MB, GDDR5, 128 bit;800 MHz;1125 MHz;384 / 24 / 8
1392;Radeon HD 7790;Bonaire;Mar 22nd, 2013;PCIe 3.0 x16;1024 MB, GDDR5, 128 bit;1000 MHz;1500 MHz;896 / 56 / 16
1393;Radeon HD 7950 Mac Edition;Tahiti;Mar 7th, 2013;PCIe 3.0 x16;3 GB, GDDR5, 384 bit;800 MHz;1250 MHz;1792 / 112 / 32
1394;Radeon HD 8510 OEM;Turks;Jul 23rd, 2013;PCIe 2.0 x16;1024 MB, GDDR3, 128 bit;650 MHz;800 MHz;480 / 24 / 8
1395;Radeon HD 8510 OEM;Redwood;Apr 24th, 2013;PCIe 2.0 x16;1024 MB, GDDR3, 128 bit;650 MHz;500 MHz;400 / 20 / 8
1396;Radeon HD 8510G IGP;Devastator;May 23rd, 2013;IGP;System Shared;554 MHz;System Shared;384 / 24 / 8
1397;Radeon HD 8550 OEM;Turks;Oct 25th, 2013;PCIe 2.0 x16;1024 MB, GDDR3, 128 bit;650 MHz;800 MHz;480 / 24 / 8
1398;Radeon HD 8550D IGP;Scrapper;May 23rd, 2013;IGP;System Shared;720 MHz;System Shared;256 / 16 / 8
1399;Radeon HD 8550G IGP;Devastator Lite;May 23rd, 2013;IGP;System Shared;515 MHz;System Shared;256 / 16 / 8
1400;Radeon HD 8570 OEM Rebrand;Turks;Jul 23rd, 2013;PCIe 2.0 x16;1024 MB, GDDR3, 128 bit;650 MHz;800 MHz;480 / 24 / 8
1401;Radeon HD 8570D IGP;Devastator Lite;Jul 10th, 2013;IGP;System Shared;800 MHz;System Shared;256 / 16 / 8
1402;Radeon HD 8610G IGP;Devastator;May 23rd, 2013;IGP;System Shared;533 MHz;System Shared;384 / 24 / 8
1403;Radeon HD 8650D IGP;Scrapper;Dec 28th, 2013;IGP;System Shared;720 MHz;System Shared;384 / 24 / 8
1404;Radeon HD 8650G IGP;Devastator;May 23rd, 2013;IGP;System Shared;533 MHz;System Shared;384 / 24 / 8
1405;Radeon HD 8670D IGP;Devastator;Mar 12th, 2013;IGP;System Shared;844 MHz;System Shared;384 / 24 / 8
1406;Radeon HD 8670M;Mars;Mar 1st, 2013;PCIe 3.0 x8;1024 MB, DDR3, 64 bit;775 MHz;900 MHz;384 / 24 / 8
1407;Radeon HD 8730 OEM;Cape Verde;Sep 5th, 2013;PCIe 3.0 x16;1024 MB, GDDR5, 128 bit;800 MHz;1125 MHz;384 / 24 / 8
1408;Radeon HD 8730A;Mars;Apr 1st, 2013;PCIe 3.0 x8;1024 MB, DDR3, 128 bit;650 MHz;1000 MHz;384 / 24 / 8
1409;Radeon HD 8730M;Mars;Apr 1st, 2013;PCIe 3.0 x8;2 GB, DDR3, 128 bit;650 MHz;900 MHz;384 / 24 / 8
1410;Radeon HD 8740 OEM;Cape Verde;Sep 5th, 2013;PCIe 3.0 x16;1024 MB, GDDR5, 128 bit;800 MHz;1125 MHz;512 / 32 / 16
1411;Radeon HD 8770 OEM;Bonaire;Sep 2nd, 2013;PCIe 3.0 x16;1024 MB, GDDR5, 128 bit;1050 MHz;1500 MHz;896 / 56 / 16
1412;Radeon HD 8770M;Mars;Apr 1st, 2013;PCIe 3.0 x8;2 GB, GDDR5, 128 bit;775 MHz;1125 MHz;384 / 24 / 8
1413;Radeon HD 8790M;Mars;Apr 1st, 2013;MXM-A (3.0);2 GB, GDDR5, 128 bit;850 MHz;1000 MHz;384 / 24 / 8
1414;Radeon HD 8830M;Venus;Apr 1st, 2013;PCIe 3.0 x16;2 GB, DDR3, 128 bit;575 MHz;1000 MHz;640 / 40 / 16
1415;Radeon HD 8850M;Venus;Apr 1st, 2013;PCIe 3.0 x16;2 GB, DDR3, 128 bit;575 MHz;1000 MHz;640 / 40 / 16
1416;Radeon HD 8870M;Venus;Apr 1st, 2013;PCIe 3.0 x16;2 GB, GDDR5, 128 bit;725 MHz;1125 MHz;640 / 40 / 16
1417;Radeon HD 8950M;Saturn;May 14th, 2013;PCIe 3.0 x16;2 GB, GDDR5, 128 bit;1075 MHz;1375 MHz;768 / 48 / 16
1418;Radeon HD 8970M;Neptune;May 14th, 2013;PCIe 3.0 x16;4 GB, GDDR5, 256 bit;850 MHz;1200 MHz;1280 / 80 / 32
1419;Radeon R5 240 OEM;Oland;Nov 1st, 2013;PCIe 3.0 x8;2 GB, DDR3, 64 bit;730 MHz;900 MHz;384 / 24 / 8
1420;Radeon R7 240;Oland;Oct 8th, 2013;PCIe 3.0 x8;2 GB, DDR3, 128 bit;730 MHz;900 MHz;320 / 20 / 8
1421;Radeon R7 240;Oland;Oct 8th, 2013;PCIe 3.0 x8;2 GB, GDDR5, 128 bit;650 MHz;1150 MHz;320 / 20 / 8
1422;Radeon R7 240 OEM;Oland;Nov 1st, 2013;PCIe 3.0 x8;2 GB, DDR3, 128 bit;730 MHz;900 MHz;320 / 20 / 8
1423;Radeon R7 250;Cape Verde;Oct 8th, 2013;PCIe 3.0 x16;1024 MB, DDR3, 128 bit;700 MHz;900 MHz;512 / 32 / 16
1424;Radeon R7 250;Oland;Oct 8th, 2013;PCIe 3.0 x8;1024 MB, GDDR5, 128 bit;1000 MHz;1150 MHz;384 / 24 / 8
1425;Radeon R7 250;Cape Verde;Oct 8th, 2013;PCIe 3.0 x16;1024 MB, DDR3, 128 bit;925 MHz;900 MHz;512 / 32 / 16
1426;Radeon R7 250 OEM;Oland;Oct 8th, 2013;PCIe 3.0 x8;2 GB, DDR3, 128 bit;1000 MHz;1000 MHz;384 / 24 / 8
1427;Radeon R7 250E;Cape Verde;Dec 20th, 2013;PCIe 3.0 x16;1024 MB, GDDR5, 128 bit;800 MHz;1125 MHz;512 / 32 / 16
1428;Radeon R7 260;Bonaire;Dec 17th, 2013;PCIe 3.0 x16;2 GB, GDDR5, 128 bit;1000 MHz;1500 MHz;768 / 48 / 16
1429;Radeon R7 260X;Bonaire;Oct 8th, 2013;PCIe 3.0 x16;2 GB, GDDR5, 128 bit;1100 MHz;1625 MHz;896 / 56 / 16
1430;Radeon R9 260 OEM;Bonaire;Dec 21st, 2013;PCIe 3.0 x16;1024 MB, GDDR5, 128 bit;1100 MHz;1625 MHz;896 / 56 / 16
1431;Radeon R9 270;Curacao;Nov 13th, 2013;PCIe 3.0 x16;2 GB, GDDR5, 256 bit;900 MHz;1400 MHz;1280 / 80 / 32
1432;Radeon R9 270X;Curacao;Oct 8th, 2013;PCIe 3.0 x16;2 GB, GDDR5, 256 bit;1000 MHz;1400 MHz;1280 / 80 / 32
1433;Radeon Sky 500;Pitcairn;Mar 27th, 2013;PCIe 3.0 x16;4 GB, GDDR5, 256 bit;950 MHz;1200 MHz;1280 / 80 / 32
1434;Radeon Sky 700;Tahiti;Mar 27th, 2013;PCIe 3.0 x16;6 GB, GDDR5, 384 bit;900 MHz;1375 MHz;1792 / 112 / 32
1435;Xbox One GPU;Durango;Nov 22nd, 2013;IGP;8 GB, DDR3, 256 bit;853 MHz;1066 MHz;768 / 48 / 16
1436;HD Graphics 5000;Haswell GT3;May 27th, 2013;Ring Bus;System Shared;200 MHz;System Shared;320 / 40 / 4
1437;Iris Graphics 5100;Haswell GT3;May 27th, 2013;Ring Bus;System Shared;200 MHz;System Shared;320 / 40 / 4
1438;Iris Pro Graphics 5200;Haswell GT3e;Jun 3rd, 2013;Ring Bus;System Shared;200 MHz;System Shared;320 / 40 / 4
1439;Iris Pro Graphics 5200;Haswell GT3e;May 27th, 2013;Ring Bus;System Shared;200 MHz;System Shared;320 / 40 / 4
1440;GeForce 710M;GK208;Jul 24th, 2013;PCIe 3.0 x8;1024 MB, DDR3, 64 bit;719 MHz;900 MHz;192 / 16 / 8
1441;GeForce GT 630 Rev. 2;GK208;May 29th, 2013;PCIe 2.0 x8;2 GB, DDR3, 64 bit;902 MHz;900 MHz;384 / 32 / 8
1442;GeForce GT 630 Rev. 2 PCIe x8;GK208;May 29th, 2013;PCIe 2.0 x8;2 GB, DDR3, 64 bit;902 MHz;900 MHz;384 / 32 / 8
1443;GeForce GT 635 OEM;GK208;Oct 1st, 2013;PCIe 3.0 x8;1024 MB, DDR3, 64 bit;967 MHz;900 MHz;384 / 32 / 8
1444;GeForce GT 640 Rev. 2;GK208;May 29th, 2013;PCIe 2.0 x8;1024 MB, GDDR5, 64 bit;1046 MHz;1252 MHz;384 / 32 / 8
1445;GeForce GT 735M;GK208;Apr 1st, 2013;PCIe 3.0 x8;2 GB, DDR3, 64 bit;575 MHz;900 MHz;384 / 32 / 8
1446;GeForce GT 740A;GK208;Aug 26th, 2013;PCIe 3.0 x8;2 GB, DDR3, 64 bit;980 MHz;900 MHz;384 / 32 / 8
1447;GeForce GT 740M;GK107;Apr 1st, 2013;PCIe 3.0 x16;2 GB, DDR3, 128 bit;810 MHz;901 MHz;384 / 32 / 16
1448;GeForce GT 740M;GK208;Jun 20th, 2013;PCIe 3.0 x8;2 GB, DDR3, 64 bit;980 MHz;900 MHz;384 / 32 / 8
1449;GeForce GT 745A;GK107;Aug 26th, 2013;PCIe 3.0 x16;2 GB, DDR3, 128 bit;837 MHz;900 MHz;384 / 32 / 16
1450;GeForce GT 745M;GK107;Apr 1st, 2013;PCIe 3.0 x16;2 GB, GDDR5, 128 bit;549 MHz;1000 MHz;384 / 32 / 16
1451;GeForce GT 745M;GK107;Apr 1st, 2013;PCIe 3.0 x16;2 GB, DDR3, 128 bit;837 MHz;900 MHz;384 / 32 / 16
1452;GeForce GT 750M Mac Edition;GK107;Nov 8th, 2013;PCIe 3.0 x16;1024 MB, GDDR5, 128 bit;926 MHz;1254 MHz;384 / 32 / 16
1453;GeForce GT 755M;GK107;Jun 25th, 2013;PCIe 3.0 x16;2 GB, GDDR5, 128 bit;980 MHz;1350 MHz;384 / 32 / 16
1454;GeForce GT 755M Mac Edition;GK107;Nov 8th, 2013;PCIe 3.0 x16;1024 MB, GDDR5, 128 bit;1085 MHz;1250 MHz;384 / 32 / 16
1455;GeForce GTX 645 OEM;GK106;Apr 22nd, 2013;PCIe 3.0 x16;1024 MB, GDDR5, 128 bit;824 MHz;1000 MHz;576 / 48 / 16
1456;GeForce GTX 650;GK106;Nov 27th, 2013;PCIe 3.0 x16;1024 MB, GDDR5, 128 bit;1058 MHz;1250 MHz;384 / 32 / 16
1457;GeForce GTX 650 Ti Boost;GK106;Mar 26th, 2013;PCIe 3.0 x16;2 GB, GDDR5, 192 bit;980 MHz;1502 MHz;768 / 64 / 24
1458;GeForce GTX 650 Ti OEM;GK106;Mar 31st, 2013;PCIe 3.0 x16;2 GB, GDDR5, 128 bit;928 MHz;1350 MHz;768 / 64 / 16
1459;GeForce GTX 660M Mac Edition;GK107;Apr 1st, 2013;MXM-B (3.0);512 MB, GDDR5, 128 bit;950 MHz;1250 MHz;384 / 32 / 16
1460;GeForce GTX 675MX Mac Edition;GK104;Apr 1st, 2013;PCIe 3.0 x16;1024 MB, GDDR5, 256 bit;719 MHz;1250 MHz;1344 / 112 / 32
1461;GeForce GTX 680 Mac Edition;GK104;Apr 3rd, 2013;PCIe 2.0 x16;2 GB, GDDR5, 256 bit;1006 MHz;1502 MHz;1536 / 128 / 32
1462;GeForce GTX 760;GK104;Jun 25th, 2013;PCIe 3.0 x16;2 GB, GDDR5, 256 bit;980 MHz;1502 MHz;1152 / 96 / 32
1463;GeForce GTX 760 OEM;GK104;Jun 27th, 2013;PCIe 3.0 x16;1536 MB, GDDR5, 192 bit;823 MHz;1400 MHz;1152 / 96 / 24
1464;GeForce GTX 760 OEM Rebrand;GK104;Aug 25th, 2013;PCIe 3.0 x16;3 GB, GDDR5, 256 bit;823 MHz;1400 MHz;1152 / 96 / 32
1465;GeForce GTX 760 Ti OEM;GK104;Sep 27th, 2013;PCIe 3.0 x16;2 GB, GDDR5, 256 bit;915 MHz;1502 MHz;1344 / 112 / 32
1466;GeForce GTX 760 Ti OEM Rebrand;GK104;Aug 25th, 2013;PCIe 3.0 x16;2 GB, GDDR5, 256 bit;915 MHz;1502 MHz;1344 / 112 / 32
1467;GeForce GTX 760 X2;GK104;Nov 19th, 2013;PCIe 3.0 x16;2 GB, GDDR5, 256 bit;1006 MHz;1502 MHz;1152 / 96 / 32
1468;GeForce GTX 760M;GK106;May 30th, 2013;PCIe 3.0 x16;2 GB, GDDR5, 128 bit;628 MHz;1002 MHz;768 / 64 / 16
1469;GeForce GTX 765M;GK106;May 30th, 2013;MXM-B (3.0);2 GB, GDDR5, 128 bit;797 MHz;1002 MHz;768 / 64 / 16
1470;GeForce GTX 770;GK104;May 30th, 2013;PCIe 3.0 x16;2 GB, GDDR5, 256 bit;1046 MHz;1753 MHz;1536 / 128 / 32
1471;GeForce GTX 770M;GK106;May 30th, 2013;MXM-B (3.0);3 GB, GDDR5, 192 bit;706 MHz;1002 MHz;960 / 80 / 24
1472;GeForce GTX 775M Mac Edition;GK104;Nov 8th, 2013;MXM-B (3.0);2 GB, GDDR5, 256 bit;797 MHz;1250 MHz;1344 / 112 / 32
1473;GeForce GTX 780M;GK104;May 11th, 2013;MXM-B (3.0);4 GB, GDDR5, 256 bit;771 MHz;1250 MHz;1536 / 128 / 32
1474;GeForce GTX 780M Mac Edition;GK104;Nov 8th, 2013;MXM-B (3.0);4 GB, GDDR5, 256 bit;784 MHz;1250 MHz;1536 / 128 / 32
1475;Quadro K1100M;GK107;Jul 23rd, 2013;MXM-A (3.0);2 GB, GDDR5, 128 bit;706 MHz;700 MHz;384 / 32 / 16
1476;Quadro K2000;GK107;Mar 1st, 2013;PCIe 2.0 x16;2 GB, GDDR5, 128 bit;954 MHz;1000 MHz;384 / 32 / 16
1477;Quadro K2100M;GK106;Jul 23rd, 2013;MXM-A (3.0);2 GB, GDDR5, 128 bit;667 MHz;752 MHz;576 / 48 / 16
1478;Quadro K3100M;GK104;Jul 23rd, 2013;MXM-B (3.0);4 GB, GDDR5, 256 bit;706 MHz;800 MHz;768 / 64 / 32
1479;Quadro K4000;GK106;Mar 1st, 2013;PCIe 2.0 x16;3 GB, GDDR5, 192 bit;810 MHz;1404 MHz;768 / 64 / 24
1480;Quadro K4100M;GK104;Jul 23rd, 2013;MXM-B (3.0);4 GB, GDDR5, 256 bit;706 MHz;800 MHz;1152 / 96 / 32
1481;Quadro K5100M;GK104;Jul 23rd, 2013;MXM-B (3.0);8 GB, GDDR5, 256 bit;771 MHz;900 MHz;1536 / 128 / 32
1482;Quadro K610M;GK208;Jul 23rd, 2013;MXM-A (3.0);1024 MB, GDDR5, 64 bit;954 MHz;650 MHz;192 / 16 / 8
1483;No graphics cards found. Please change your search criteria.;;;;;;;
1484;FirePro M4100;Mars;Oct 16th, 2013;PCIe 3.0 x8;2 GB, GDDR5, 128 bit;670 MHz;1000 MHz;384 / 24 / 8
1485;FirePro M4150;Opal;Oct 16th, 2013;PCIe 3.0 x8;1024 MB, GDDR5, 128 bit;715 MHz;1000 MHz;384 / 24 / 8
1486;FirePro M5100;Venus;Oct 16th, 2013;MXM-A (3.0);2 GB, GDDR5, 128 bit;725 MHz;1125 MHz;640 / 40 / 16
1487;FirePro M6100;Saturn;Oct 16th, 2013;MXM-B (3.0);2 GB, GDDR5, 128 bit;1075 MHz;1375 MHz;768 / 48 / 16
1488;FirePro W5000 DVI;Pitcairn;Feb 25th, 2013;PCIe 3.0 x16;2 GB, GDDR5, 256 bit;825 MHz;800 MHz;768 / 48 / 32
1489;Playstation 4 GPU;Liverpool;Nov 24th, 2013;IGP;8 GB, GDDR5, 256 bit;800 MHz;1375 MHz;1152 / 72 / 32
1490;Radeon HD 6610;Redwood;Mar 20th, 2013;PCIe 2.0 x16;1024 MB, GDDR3, 128 bit;650 MHz;800 MHz;400 / 20 / 8
1491;Radeon HD 6770 Green Edition;Juniper;Apr 19th, 2013;PCIe 2.0 x16;2 GB, GDDR3, 128 bit;700 MHz;667 MHz;720 / 36 / 16
1492;Radeon HD 7570 OEM;Redwood;Mar 20th, 2013;PCIe 2.0 x16;1024 MB, GDDR3, 128 bit;650 MHz;800 MHz;400 / 20 / 8
1493;Radeon HD 7720 OEM;Barts;Mar 15th, 2013;PCIe 2.0 x16;1024 MB, GDDR5, 256 bit;840 MHz;1050 MHz;800 / 40 / 32
1494;Radeon HD 7730;Cape Verde;May 1st, 2013;PCIe 3.0 x16;1024 MB, GDDR5, 128 bit;800 MHz;1125 MHz;384 / 24 / 8
1495;Radeon HD 7790;Bonaire;Mar 22nd, 2013;PCIe 3.0 x16;1024 MB, GDDR5, 128 bit;1000 MHz;1500 MHz;896 / 56 / 16
1496;Radeon HD 7950 Mac Edition;Tahiti;Mar 7th, 2013;PCIe 3.0 x16;3 GB, GDDR5, 384 bit;800 MHz;1250 MHz;1792 / 112 / 32
1497;Radeon HD 8510 OEM;Redwood;Apr 24th, 2013;PCIe 2.0 x16;1024 MB, GDDR3, 128 bit;650 MHz;500 MHz;400 / 20 / 8
1498;Radeon HD 8510 OEM;Turks;Jul 23rd, 2013;PCIe 2.0 x16;1024 MB, GDDR3, 128 bit;650 MHz;800 MHz;480 / 24 / 8
1499;Radeon HD 8550 OEM;Turks;Oct 25th, 2013;PCIe 2.0 x16;1024 MB, GDDR3, 128 bit;650 MHz;800 MHz;480 / 24 / 8
1500;Radeon HD 8550D IGP;Scrapper;May 23rd, 2013;IGP;System Shared;720 MHz;System Shared;256 / 16 / 8
1501;Radeon HD 8570 OEM Rebrand;Turks;Jul 23rd, 2013;PCIe 2.0 x16;1024 MB, GDDR3, 128 bit;650 MHz;800 MHz;480 / 24 / 8
1502;Radeon HD 8570A;Sun;Mar 1st, 2013;MXM-A (3.0);1024 MB, DDR3, 64 bit;750 MHz;1000 MHz;320 / 20 / 8
1503;Radeon HD 8570M;Sun;Mar 1st, 2013;PCIe 3.0 x8;1024 MB, DDR3, 64 bit;750 MHz;1000 MHz;320 / 20 / 8
1504;Radeon HD 8590M;Sun;Mar 1st, 2013;PCIe 3.0 x8;1024 MB, GDDR5, 64 bit;750 MHz;1125 MHz;320 / 20 / 8
1505;Radeon HD 8650D IGP;Scrapper;Dec 28th, 2013;IGP;System Shared;720 MHz;System Shared;384 / 24 / 8
1506;Radeon HD 8650G IGP;Devastator;May 23rd, 2013;IGP;System Shared;533 MHz;System Shared;384 / 24 / 8
1507;Radeon HD 8670D IGP;Devastator;Mar 12th, 2013;IGP;System Shared;844 MHz;System Shared;384 / 24 / 8
1508;Radeon HD 8670M;Mars;Mar 1st, 2013;PCIe 3.0 x8;1024 MB, DDR3, 64 bit;775 MHz;900 MHz;384 / 24 / 8
1509;Radeon HD 8670M;Sun;Mar 1st, 2013;PCIe 3.0 x8;1024 MB, DDR3, 64 bit;925 MHz;1000 MHz;320 / 20 / 8
1510;Radeon HD 8690M;Sun;Mar 1st, 2013;PCIe 3.0 x8;1024 MB, GDDR5, 64 bit;775 MHz;1000 MHz;320 / 20 / 8
1511;Radeon HD 8730 OEM;Cape Verde;Sep 5th, 2013;PCIe 3.0 x16;1024 MB, GDDR5, 128 bit;800 MHz;1125 MHz;384 / 24 / 8
1512;Radeon HD 8730A;Mars;Apr 1st, 2013;PCIe 3.0 x8;1024 MB, DDR3, 128 bit;650 MHz;1000 MHz;384 / 24 / 8
1513;Radeon HD 8730M;Mars;Apr 1st, 2013;PCIe 3.0 x8;2 GB, DDR3, 128 bit;650 MHz;900 MHz;384 / 24 / 8
1514;Radeon HD 8740 OEM;Cape Verde;Sep 5th, 2013;PCIe 3.0 x16;1024 MB, GDDR5, 128 bit;800 MHz;1125 MHz;512 / 32 / 16
1515;Radeon HD 8750M;Mars;Feb 26th, 2013;PCIe 3.0 x8;1024 MB, GDDR5, 128 bit;620 MHz;1000 MHz;384 / 24 / 8
1516;Radeon HD 8770 OEM;Bonaire;Sep 2nd, 2013;PCIe 3.0 x16;1024 MB, GDDR5, 128 bit;1050 MHz;1500 MHz;896 / 56 / 16
1517;Radeon HD 8770M;Mars;Apr 1st, 2013;PCIe 3.0 x8;2 GB, GDDR5, 128 bit;775 MHz;1125 MHz;384 / 24 / 8
1518;Radeon HD 8790M;Mars;Apr 1st, 2013;MXM-A (3.0);2 GB, GDDR5, 128 bit;850 MHz;1000 MHz;384 / 24 / 8
1519;Radeon HD 8830M;Venus;Apr 1st, 2013;PCIe 3.0 x16;2 GB, DDR3, 128 bit;575 MHz;1000 MHz;640 / 40 / 16
1520;Radeon HD 8850M;Venus;Apr 1st, 2013;PCIe 3.0 x16;2 GB, DDR3, 128 bit;575 MHz;1000 MHz;640 / 40 / 16
1521;Radeon HD 8870M;Venus;Apr 1st, 2013;PCIe 3.0 x16;2 GB, GDDR5, 128 bit;725 MHz;1125 MHz;640 / 40 / 16
1522;Radeon HD 8950M;Saturn;May 14th, 2013;PCIe 3.0 x16;2 GB, GDDR5, 128 bit;1075 MHz;1375 MHz;768 / 48 / 16
1523;Radeon HD 8970M;Neptune;May 14th, 2013;PCIe 3.0 x16;4 GB, GDDR5, 256 bit;850 MHz;1200 MHz;1280 / 80 / 32
1524;Radeon R5 240 OEM;Oland;Nov 1st, 2013;PCIe 3.0 x8;2 GB, DDR3, 64 bit;730 MHz;900 MHz;384 / 24 / 8
1525;Radeon R5 M230 Rebrand;Sun;Mar 1st, 2013;PCIe 3.0 x8;2 GB, DDR3, 64 bit;750 MHz;900 MHz;320 / 20 / 8
1526;Radeon R7 240;Oland;Oct 8th, 2013;PCIe 3.0 x8;2 GB, DDR3, 128 bit;730 MHz;900 MHz;320 / 20 / 8
1527;Radeon R7 240 OEM;Oland;Nov 1st, 2013;PCIe 3.0 x8;2 GB, DDR3, 128 bit;730 MHz;900 MHz;320 / 20 / 8
1528;Radeon R7 250;Oland;Oct 8th, 2013;PCIe 3.0 x8;1024 MB, GDDR5, 128 bit;1000 MHz;1150 MHz;384 / 24 / 8
1529;Radeon R7 250;Cape Verde;Oct 8th, 2013;PCIe 3.0 x16;1024 MB, DDR3, 128 bit;700 MHz;900 MHz;512 / 32 / 16
1530;Radeon R7 250;Cape Verde;Oct 8th, 2013;PCIe 3.0 x16;1024 MB, DDR3, 128 bit;925 MHz;900 MHz;512 / 32 / 16
1531;Radeon R7 250 OEM;Oland;Oct 8th, 2013;PCIe 3.0 x8;2 GB, DDR3, 128 bit;1000 MHz;1000 MHz;384 / 24 / 8
1532;Radeon R7 250E;Cape Verde;Dec 20th, 2013;PCIe 3.0 x16;1024 MB, GDDR5, 128 bit;800 MHz;1125 MHz;512 / 32 / 16
1533;Radeon R7 260;Bonaire;Dec 17th, 2013;PCIe 3.0 x16;2 GB, GDDR5, 128 bit;1000 MHz;1500 MHz;768 / 48 / 16
1534;Radeon R7 260X;Bonaire;Oct 8th, 2013;PCIe 3.0 x16;2 GB, GDDR5, 128 bit;1100 MHz;1625 MHz;896 / 56 / 16
1535;Radeon R9 260 OEM;Bonaire;Dec 21st, 2013;PCIe 3.0 x16;1024 MB, GDDR5, 128 bit;1100 MHz;1625 MHz;896 / 56 / 16
1536;Radeon R9 270;Curacao;Nov 13th, 2013;PCIe 3.0 x16;2 GB, GDDR5, 256 bit;900 MHz;1400 MHz;1280 / 80 / 32
1537;Radeon R9 270X;Curacao;Oct 8th, 2013;PCIe 3.0 x16;2 GB, GDDR5, 256 bit;1000 MHz;1400 MHz;1280 / 80 / 32
1538;Radeon Sky 500;Pitcairn;Mar 27th, 2013;PCIe 3.0 x16;4 GB, GDDR5, 256 bit;950 MHz;1200 MHz;1280 / 80 / 32
1539;Radeon Sky 700;Tahiti;Mar 27th, 2013;PCIe 3.0 x16;6 GB, GDDR5, 384 bit;900 MHz;1375 MHz;1792 / 112 / 32
1540;Xbox One GPU;Durango;Nov 22nd, 2013;IGP;8 GB, DDR3, 256 bit;853 MHz;1066 MHz;768 / 48 / 16
1541;HD Graphics 5000;Haswell GT3;May 27th, 2013;Ring Bus;System Shared;200 MHz;System Shared;320 / 40 / 4
1542;Iris Graphics 5100;Haswell GT3;May 27th, 2013;Ring Bus;System Shared;200 MHz;System Shared;320 / 40 / 4
1543;Iris Pro Graphics 5200;Haswell GT3e;May 27th, 2013;Ring Bus;System Shared;200 MHz;System Shared;320 / 40 / 4
1544;Iris Pro Graphics 5200;Haswell GT3e;Jun 3rd, 2013;Ring Bus;System Shared;200 MHz;System Shared;320 / 40 / 4
1545;GeForce GT 630 Rev. 2;GK208;May 29th, 2013;PCIe 2.0 x8;2 GB, DDR3, 64 bit;902 MHz;900 MHz;384 / 32 / 8
1546;GeForce GT 630 Rev. 2 PCIe x8;GK208;May 29th, 2013;PCIe 2.0 x8;2 GB, DDR3, 64 bit;902 MHz;900 MHz;384 / 32 / 8
1547;GeForce GT 635 OEM;GK208;Oct 1st, 2013;PCIe 3.0 x8;1024 MB, DDR3, 64 bit;967 MHz;900 MHz;384 / 32 / 8
1548;GeForce GT 640 Rev. 2;GK208;May 29th, 2013;PCIe 2.0 x8;1024 MB, GDDR5, 64 bit;1046 MHz;1252 MHz;384 / 32 / 8
1549;GeForce GT 740A;GK208;Aug 26th, 2013;PCIe 3.0 x8;2 GB, DDR3, 64 bit;980 MHz;900 MHz;384 / 32 / 8
1550;GeForce GT 740M;GK208;Jun 20th, 2013;PCIe 3.0 x8;2 GB, DDR3, 64 bit;980 MHz;900 MHz;384 / 32 / 8
1551;GeForce GT 740M;GK107;Apr 1st, 2013;PCIe 3.0 x16;2 GB, DDR3, 128 bit;810 MHz;901 MHz;384 / 32 / 16
1552;GeForce GT 745A;GK107;Aug 26th, 2013;PCIe 3.0 x16;2 GB, DDR3, 128 bit;837 MHz;900 MHz;384 / 32 / 16
1553;GeForce GT 745M;GK107;Apr 1st, 2013;PCIe 3.0 x16;2 GB, DDR3, 128 bit;837 MHz;900 MHz;384 / 32 / 16
1554;GeForce GT 750M Mac Edition;GK107;Nov 8th, 2013;PCIe 3.0 x16;1024 MB, GDDR5, 128 bit;926 MHz;1254 MHz;384 / 32 / 16
1555;GeForce GT 755M;GK107;Jun 25th, 2013;PCIe 3.0 x16;2 GB, GDDR5, 128 bit;980 MHz;1350 MHz;384 / 32 / 16
1556;GeForce GT 755M Mac Edition;GK107;Nov 8th, 2013;PCIe 3.0 x16;1024 MB, GDDR5, 128 bit;1085 MHz;1250 MHz;384 / 32 / 16
1557;GeForce GTX 645 OEM;GK106;Apr 22nd, 2013;PCIe 3.0 x16;1024 MB, GDDR5, 128 bit;824 MHz;1000 MHz;576 / 48 / 16
1558;GeForce GTX 650;GK106;Nov 27th, 2013;PCIe 3.0 x16;1024 MB, GDDR5, 128 bit;1058 MHz;1250 MHz;384 / 32 / 16
1559;GeForce GTX 650 Ti Boost;GK106;Mar 26th, 2013;PCIe 3.0 x16;2 GB, GDDR5, 192 bit;980 MHz;1502 MHz;768 / 64 / 24
1560;GeForce GTX 650 Ti OEM;GK106;Mar 31st, 2013;PCIe 3.0 x16;2 GB, GDDR5, 128 bit;928 MHz;1350 MHz;768 / 64 / 16
1561;GeForce GTX 660M Mac Edition;GK107;Apr 1st, 2013;MXM-B (3.0);512 MB, GDDR5, 128 bit;950 MHz;1250 MHz;384 / 32 / 16
1562;GeForce GTX 675MX Mac Edition;GK104;Apr 1st, 2013;PCIe 3.0 x16;1024 MB, GDDR5, 256 bit;719 MHz;1250 MHz;1344 / 112 / 32
1563;GeForce GTX 680 Mac Edition;GK104;Apr 3rd, 2013;PCIe 2.0 x16;2 GB, GDDR5, 256 bit;1006 MHz;1502 MHz;1536 / 128 / 32
1564;GeForce GTX 760;GK104;Jun 25th, 2013;PCIe 3.0 x16;2 GB, GDDR5, 256 bit;980 MHz;1502 MHz;1152 / 96 / 32
1565;GeForce GTX 760 OEM;GK104;Jun 27th, 2013;PCIe 3.0 x16;1536 MB, GDDR5, 192 bit;823 MHz;1400 MHz;1152 / 96 / 24
1566;GeForce GTX 760 OEM Rebrand;GK104;Aug 25th, 2013;PCIe 3.0 x16;3 GB, GDDR5, 256 bit;823 MHz;1400 MHz;1152 / 96 / 32
1567;GeForce GTX 760 Ti OEM;GK104;Sep 27th, 2013;PCIe 3.0 x16;2 GB, GDDR5, 256 bit;915 MHz;1502 MHz;1344 / 112 / 32
1568;GeForce GTX 760 Ti OEM Rebrand;GK104;Aug 25th, 2013;PCIe 3.0 x16;2 GB, GDDR5, 256 bit;915 MHz;1502 MHz;1344 / 112 / 32
1569;GeForce GTX 760 X2;GK104;Nov 19th, 2013;PCIe 3.0 x16;2 GB, GDDR5, 256 bit;1006 MHz;1502 MHz;1152 / 96 / 32
1570;GeForce GTX 760M;GK106;May 30th, 2013;PCIe 3.0 x16;2 GB, GDDR5, 128 bit;628 MHz;1002 MHz;768 / 64 / 16
1571;GeForce GTX 765M;GK106;May 30th, 2013;MXM-B (3.0);2 GB, GDDR5, 128 bit;797 MHz;1002 MHz;768 / 64 / 16
1572;GeForce GTX 770;GK104;May 30th, 2013;PCIe 3.0 x16;2 GB, GDDR5, 256 bit;1046 MHz;1753 MHz;1536 / 128 / 32
1573;GeForce GTX 770M;GK106;May 30th, 2013;MXM-B (3.0);3 GB, GDDR5, 192 bit;706 MHz;1002 MHz;960 / 80 / 24
1574;GeForce GTX 775M Mac Edition;GK104;Nov 8th, 2013;MXM-B (3.0);2 GB, GDDR5, 256 bit;797 MHz;1250 MHz;1344 / 112 / 32
1575;GeForce GTX 780M;GK104;May 11th, 2013;MXM-B (3.0);4 GB, GDDR5, 256 bit;771 MHz;1250 MHz;1536 / 128 / 32
1576;GeForce GTX 780M Mac Edition;GK104;Nov 8th, 2013;MXM-B (3.0);4 GB, GDDR5, 256 bit;784 MHz;1250 MHz;1536 / 128 / 32
1577;Quadro K1100M;GK107;Jul 23rd, 2013;MXM-A (3.0);2 GB, GDDR5, 128 bit;706 MHz;700 MHz;384 / 32 / 16
1578;Quadro K2000;GK107;Mar 1st, 2013;PCIe 2.0 x16;2 GB, GDDR5, 128 bit;954 MHz;1000 MHz;384 / 32 / 16
1579;Quadro K2000D;GK107;Mar 1st, 2013;PCIe 2.0 x16;2 GB, GDDR5, 128 bit;954 MHz;1000 MHz;384 / 32 / 16
1580;Quadro K2100M;GK106;Jul 23rd, 2013;MXM-A (3.0);2 GB, GDDR5, 128 bit;667 MHz;752 MHz;576 / 48 / 16
1581;Quadro K3100M;GK104;Jul 23rd, 2013;MXM-B (3.0);4 GB, GDDR5, 256 bit;706 MHz;800 MHz;768 / 64 / 32
1582;Quadro K4000;GK106;Mar 1st, 2013;PCIe 2.0 x16;3 GB, GDDR5, 192 bit;810 MHz;1404 MHz;768 / 64 / 24
1583;Quadro K4100M;GK104;Jul 23rd, 2013;MXM-B (3.0);4 GB, GDDR5, 256 bit;706 MHz;800 MHz;1152 / 96 / 32
1584;Quadro K5100M;GK104;Jul 23rd, 2013;MXM-B (3.0);8 GB, GDDR5, 256 bit;771 MHz;900 MHz;1536 / 128 / 32
1585;FirePro M6100;Saturn;Oct 16th, 2013;MXM-B (3.0);2 GB, GDDR5, 128 bit;1075 MHz;1375 MHz;768 / 48 / 16
1586;FirePro R5000;Pitcairn;Feb 25th, 2013;PCIe 3.0 x16;2 GB, GDDR5, 256 bit;825 MHz;800 MHz;768 / 48 / 32
1587;FirePro W5000 DVI;Pitcairn;Feb 25th, 2013;PCIe 3.0 x16;2 GB, GDDR5, 256 bit;825 MHz;800 MHz;768 / 48 / 32
1588;Playstation 4 GPU;Liverpool;Nov 24th, 2013;IGP;8 GB, GDDR5, 256 bit;800 MHz;1375 MHz;1152 / 72 / 32
1589;Radeon HD 6870 1600SP Edition;Cypress;Jan 14th, 2013;PCIe 2.0 x16;1024 MB, GDDR5, 256 bit;850 MHz;1050 MHz;1600 / 80 / 32
1590;Radeon HD 7720 OEM;Barts;Mar 15th, 2013;PCIe 2.0 x16;1024 MB, GDDR5, 256 bit;840 MHz;1050 MHz;800 / 40 / 32
1591;Radeon HD 7790;Bonaire;Mar 22nd, 2013;PCIe 3.0 x16;1024 MB, GDDR5, 128 bit;1000 MHz;1500 MHz;896 / 56 / 16
1592;Radeon HD 7950 Mac Edition;Tahiti;Mar 7th, 2013;PCIe 3.0 x16;3 GB, GDDR5, 384 bit;800 MHz;1250 MHz;1792 / 112 / 32
1593;Radeon HD 8760 OEM;Cape Verde;Jan 8th, 2013;PCIe 3.0 x16;2 GB, GDDR5, 128 bit;1000 MHz;1125 MHz;640 / 40 / 16
1594;Radeon HD 8770 OEM;Bonaire;Sep 2nd, 2013;PCIe 3.0 x16;1024 MB, GDDR5, 128 bit;1050 MHz;1500 MHz;896 / 56 / 16
1595;Radeon HD 8860 OEM;Curacao;Jan 8th, 2013;PCIe 3.0 x16;2 GB, GDDR5, 256 bit;925 MHz;1400 MHz;1280 / 80 / 32
1596;Radeon HD 8870 OEM;Pitcairn;Jan 8th, 2013;PCIe 3.0 x16;2 GB, GDDR5, 256 bit;1000 MHz;1200 MHz;1280 / 80 / 32
1597;Radeon HD 8950 OEM;Tahiti;Jan 8th, 2013;PCIe 3.0 x16;3 GB, GDDR5, 384 bit;850 MHz;1250 MHz;1792 / 112 / 32
1598;Radeon HD 8950M;Saturn;May 14th, 2013;PCIe 3.0 x16;2 GB, GDDR5, 128 bit;1075 MHz;1375 MHz;768 / 48 / 16
1599;Radeon HD 8970 OEM;Tahiti;Jan 8th, 2013;PCIe 3.0 x16;3 GB, GDDR5, 384 bit;925 MHz;1375 MHz;2048 / 128 / 32
1600;Radeon HD 8970M;Neptune;May 14th, 2013;PCIe 3.0 x16;4 GB, GDDR5, 256 bit;850 MHz;1200 MHz;1280 / 80 / 32
1601;Radeon R7 250;Cape Verde;Oct 8th, 2013;PCIe 3.0 x16;1024 MB, DDR3, 128 bit;925 MHz;900 MHz;512 / 32 / 16
1602;Radeon R7 260;Bonaire;Dec 17th, 2013;PCIe 3.0 x16;2 GB, GDDR5, 128 bit;1000 MHz;1500 MHz;768 / 48 / 16
1603;Radeon R7 260X;Bonaire;Oct 8th, 2013;PCIe 3.0 x16;2 GB, GDDR5, 128 bit;1100 MHz;1625 MHz;896 / 56 / 16
1604;Radeon R9 260 OEM;Bonaire;Dec 21st, 2013;PCIe 3.0 x16;1024 MB, GDDR5, 128 bit;1100 MHz;1625 MHz;896 / 56 / 16
1605;Radeon R9 270;Curacao;Nov 13th, 2013;PCIe 3.0 x16;2 GB, GDDR5, 256 bit;900 MHz;1400 MHz;1280 / 80 / 32
1606;Radeon R9 270X;Curacao;Oct 8th, 2013;PCIe 3.0 x16;2 GB, GDDR5, 256 bit;1000 MHz;1400 MHz;1280 / 80 / 32
1607;Radeon Sky 500;Pitcairn;Mar 27th, 2013;PCIe 3.0 x16;4 GB, GDDR5, 256 bit;950 MHz;1200 MHz;1280 / 80 / 32
1608;Radeon Sky 700;Tahiti;Mar 27th, 2013;PCIe 3.0 x16;6 GB, GDDR5, 384 bit;900 MHz;1375 MHz;1792 / 112 / 32
1609;Xbox One GPU;Durango;Nov 22nd, 2013;IGP;8 GB, DDR3, 256 bit;853 MHz;1066 MHz;768 / 48 / 16
1610;GeForce GTX 650 Ti Boost;GK106;Mar 26th, 2013;PCIe 3.0 x16;2 GB, GDDR5, 192 bit;980 MHz;1502 MHz;768 / 64 / 24
1611;GeForce GTX 650 Ti OEM;GK106;Mar 31st, 2013;PCIe 3.0 x16;2 GB, GDDR5, 128 bit;928 MHz;1350 MHz;768 / 64 / 16
1612;GeForce GTX 675MX Mac Edition;GK104;Apr 1st, 2013;PCIe 3.0 x16;1024 MB, GDDR5, 256 bit;719 MHz;1250 MHz;1344 / 112 / 32
1613;GeForce GTX 680 Mac Edition;GK104;Apr 3rd, 2013;PCIe 2.0 x16;2 GB, GDDR5, 256 bit;1006 MHz;1502 MHz;1536 / 128 / 32
1614;GeForce GTX 760;GK104;Jun 25th, 2013;PCIe 3.0 x16;2 GB, GDDR5, 256 bit;980 MHz;1502 MHz;1152 / 96 / 32
1615;GeForce GTX 760 OEM;GK104;Jun 27th, 2013;PCIe 3.0 x16;1536 MB, GDDR5, 192 bit;823 MHz;1400 MHz;1152 / 96 / 24
1616;GeForce GTX 760 OEM Rebrand;GK104;Aug 25th, 2013;PCIe 3.0 x16;3 GB, GDDR5, 256 bit;823 MHz;1400 MHz;1152 / 96 / 32
1617;GeForce GTX 760 Ti OEM;GK104;Sep 27th, 2013;PCIe 3.0 x16;2 GB, GDDR5, 256 bit;915 MHz;1502 MHz;1344 / 112 / 32
1618;GeForce GTX 760 Ti OEM Rebrand;GK104;Aug 25th, 2013;PCIe 3.0 x16;2 GB, GDDR5, 256 bit;915 MHz;1502 MHz;1344 / 112 / 32
1619;GeForce GTX 760 X2;GK104;Nov 19th, 2013;PCIe 3.0 x16;2 GB, GDDR5, 256 bit;1006 MHz;1502 MHz;1152 / 96 / 32
1620;GeForce GTX 765M;GK106;May 30th, 2013;MXM-B (3.0);2 GB, GDDR5, 128 bit;797 MHz;1002 MHz;768 / 64 / 16
1621;GeForce GTX 770;GK104;May 30th, 2013;PCIe 3.0 x16;2 GB, GDDR5, 256 bit;1046 MHz;1753 MHz;1536 / 128 / 32
1622;GeForce GTX 770M;GK106;May 30th, 2013;MXM-B (3.0);3 GB, GDDR5, 192 bit;706 MHz;1002 MHz;960 / 80 / 24
1623;GeForce GTX 775M Mac Edition;GK104;Nov 8th, 2013;MXM-B (3.0);2 GB, GDDR5, 256 bit;797 MHz;1250 MHz;1344 / 112 / 32
1624;GeForce GTX 780M;GK104;May 11th, 2013;MXM-B (3.0);4 GB, GDDR5, 256 bit;771 MHz;1250 MHz;1536 / 128 / 32
1625;GeForce GTX 780M Mac Edition;GK104;Nov 8th, 2013;MXM-B (3.0);4 GB, GDDR5, 256 bit;784 MHz;1250 MHz;1536 / 128 / 32
1626;Quadro 4100;GK104;Unknown;PCIe 3.0 x16;2 GB, DDR3, 256 bit;797 MHz;891 MHz;1344 / 112 / 32
1627;Quadro K4000;GK106;Mar 1st, 2013;PCIe 2.0 x16;3 GB, GDDR5, 192 bit;810 MHz;1404 MHz;768 / 64 / 24
1628;Quadro K4100M;GK104;Jul 23rd, 2013;MXM-B (3.0);4 GB, GDDR5, 256 bit;706 MHz;800 MHz;1152 / 96 / 32
1629;Quadro K5000 SYNC;GK104;Jan 25th, 2013;PCIe 2.0 x16;4 GB, GDDR5, 256 bit;706 MHz;1350 MHz;1536 / 128 / 32
1630;Quadro K5100M;GK104;Jul 23rd, 2013;MXM-B (3.0);8 GB, GDDR5, 256 bit;771 MHz;900 MHz;1536 / 128 / 32
1631;No graphics cards found. Please change your search criteria.;;;;;;;
1632;No graphics cards found. Please change your search criteria.;;;;;;;
1633;FirePro S9100;Hawaii;Oct 2nd, 2014;PCIe 3.0 x16;12 GB, GDDR5, 512 bit;824 MHz;1250 MHz;2560 / 160 / 64
1634;FirePro S9150;Hawaii;Aug 7th, 2014;PCIe 3.0 x16;16 GB, GDDR5, 512 bit;900 MHz;1250 MHz;2816 / 176 / 64
1635;GRID K120Q;GK107;Jul 2nd, 2014;PCIe 3.0 x16;512 MB, DDR3, 128 bit;850 MHz;891 MHz;192 / 16 / 16
1636;GRID K220Q;GK104;Jul 2nd, 2014;PCIe 3.0 x16;512 MB, GDDR5, 256 bit;745 MHz;1250 MHz;1536 / 128 / 32
1637;GRID K500;GK104;Jul 2nd, 2014;PCIe 3.0 x16;4 GB, GDDR5, 256 bit;745 MHz;1250 MHz;1536 / 128 / 32
1638;GRID K520Q;GK104;Jul 2nd, 2014;PCIe 3.0 x16;4 GB, GDDR5, 256 bit;745 MHz;1250 MHz;1536 / 128 / 32
1639;GRID K540Q;GK104;Jul 2nd, 2014;PCIe 3.0 x16;4 GB, GDDR5, 256 bit;745 MHz;1250 MHz;1536 / 128 / 32
1640;GRID K560Q;GK104;Jul 2nd, 2014;PCIe 3.0 x16;4 GB, GDDR5, 256 bit;745 MHz;1250 MHz;1536 / 128 / 32
1641;GeForce GTX 750 Ti OEM;GK106;Unknown;PCIe 3.0 x16;2 GB, GDDR5, 256 bit;1033 MHz;1502 MHz;960 / 80 / 24
1642;Tesla K8;GK104;Sep 16th, 2014;PCIe 2.0 x16;8 GB, GDDR5, 256 bit;693 MHz;1250 MHz;1536 / 128 / 32
1643;Tesla K80;GK210;Nov 17th, 2014;PCIe 3.0 x16;12 GB, GDDR5, 384 bit;562 MHz;1253 MHz;2496 / 208 / 48
1644;FirePro S10000 Passive 12GB;Tahiti;Mar 1st, 2014;PCIe 3.0 x16;6 GB, GDDR5, 384 bit;825 MHz;1250 MHz;1792 / 112 / 32
1645;FirePro W8100;Hawaii;Jun 23rd, 2014;PCIe 3.0 x16;8 GB, GDDR5, 512 bit;824 MHz;1250 MHz;2560 / 160 / 64
1646;FirePro W9100;Hawaii;Mar 26th, 2014;PCIe 3.0 x16;16 GB, GDDR5, 512 bit;930 MHz;1250 MHz;2816 / 176 / 64
1647;Radeon HD 8210 IGP;Kalindi;Jan 31st, 2014;IGP;System Shared;300 MHz;System Shared;128 / 8 / 4
1648;Radeon R9 285X;Tonga;Never Released;PCIe 3.0 x16;3 GB, GDDR5, 384 bit;1002 MHz;1375 MHz;2048 / 128 / 32
1649;GeForce 705A;GF119;Jul 1st, 2014;PCIe 2.0 x16;1024 MB, DDR3, 64 bit;475 MHz;900 MHz;48 / 8 / 4
1650;GeForce 800A;GF119;Mar 17th, 2014;PCIe 2.0 x16;1024 MB, DDR3, 64 bit;475 MHz;900 MHz;48 / 8 / 4
1651;GeForce 800A;GF119;Mar 17th, 2014;PCIe 2.0 x16;1024 MB, DDR3, 64 bit;475 MHz;900 MHz;48 / 8 / 4
1652;GeForce 810M;GF117;Mar 24th, 2014;PCIe 2.0 x16;1024 MB, DDR3, 64 bit;738 MHz;900 MHz;48 / 8 / 8
1653;GeForce GTX 970;GM204;Sep 19th, 2014;PCIe 3.0 x16;4 GB, GDDR5, 256 bit;1050 MHz;1753 MHz;1664 / 104 / 56
1654;GeForce GTX 980;GM204;Sep 19th, 2014;PCIe 3.0 x16;4 GB, GDDR5, 256 bit;1127 MHz;1753 MHz;2048 / 128 / 64
1655;GeForce GTX 980M;GM204;Oct 7th, 2014;MXM-B (3.0);8 GB, GDDR5, 256 bit;1038 MHz;1253 MHz;1536 / 96 / 64
1656;GeForce GTX 980M;GM204;Oct 7th, 2014;MXM-B (3.0);8 GB, GDDR5, 256 bit;1038 MHz;1253 MHz;1536 / 96 / 64
1657;GeForce GTX TITAN BLACK;GK110B;Feb 18th, 2014;PCIe 3.0 x16;6 GB, GDDR5, 384 bit;889 MHz;1750 MHz;2880 / 240 / 48
1658;GeForce GTX TITAN Z;GK110B;May 28th, 2014;PCIe 3.0 x16;6 GB, GDDR5, 384 bit;705 MHz;1750 MHz;2880 / 240 / 48
1659;FirePro D500;Tahiti;Jan 18th, 2014;PCIe 3.0 x16;3 GB, GDDR5, 384 bit;725 MHz;1270 MHz;1536 / 96 / 32
1660;FirePro D700;Tahiti;Jan 18th, 2014;PCIe 3.0 x16;6 GB, GDDR5, 384 bit;850 MHz;1370 MHz;2048 / 128 / 32
1661;FirePro S4000X;Venus;Aug 7th, 2014;PCIe 3.0 x16;2 GB, GDDR5, 128 bit;725 MHz;1125 MHz;640 / 40 / 16
1662;FirePro S9050;Tahiti;Aug 7th, 2014;PCIe 3.0 x16;12 GB, GDDR5, 384 bit;900 MHz;1375 MHz;1792 / 112 / 32
1663;FirePro W2100;Oland;Aug 12th, 2014;PCIe 3.0 x8;2 GB, DDR3, 128 bit;630 MHz;900 MHz;320 / 20 / 8
1664;FirePro W4100;Cape Verde;Aug 13th, 2014;PCIe 3.0 x16;2 GB, GDDR5, 128 bit;630 MHz;1000 MHz;512 / 32 / 16
1665;FirePro W4170M;Mars;Apr 28th, 2014;PCIe 3.0 x8;2 GB, GDDR5, 128 bit;825 MHz;1000 MHz;384 / 24 / 8
1666;FirePro W5100;Bonaire;Mar 31st, 2014;PCIe 3.0 x16;4 GB, GDDR5, 128 bit;930 MHz;1500 MHz;768 / 48 / 16
1667;FirePro W5170M;Tropo;Aug 25th, 2014;MXM-A (3.0);2 GB, GDDR5, 128 bit;900 MHz;1125 MHz;640 / 40 / 16
1668;FirePro W6170M;Saturn;Aug 25th, 2014;MXM-B (3.0);2 GB, GDDR5, 128 bit;1075 MHz;1375 MHz;768 / 48 / 16
1669;FirePro W7100;Tonga;Aug 12th, 2014;PCIe 3.0 x16;8 GB, GDDR5, 256 bit;920 MHz;1250 MHz;1792 / 112 / 32
1670;Radeon E8860;Venus;Jan 25th, 2014;PCIe 3.0 x16;2 GB, GDDR5, 128 bit;575 MHz;1125 MHz;640 / 40 / 16
1671;Radeon HD 8550M;Sun;Jul 13th, 2014;PCIe 3.0 x8;1024 MB, DDR3, 64 bit;650 MHz;900 MHz;320 / 20 / 8
1672;Radeon R4 Mobile Graphics;Spectre SL;Sep 17th, 2014;IGP;System Shared;533 MHz;System Shared;192 / 12 / 8
1673;Radeon R4 Mobile Graphics;Beema;Jun 11th, 2014;IGP;System Shared;800 MHz;System Shared;128 / 8 / 4
1674;Radeon R5 230;Caicos;Apr 3rd, 2014;PCIe 2.0 x16;1024 MB, DDR3, 64 bit;625 MHz;667 MHz;160 / 8 / 4
1675;Radeon R5 Graphics;Spectre SL;Sep 17th, 2014;IGP;System Shared;497 MHz;System Shared;256 / 16 / 4
1676;Radeon R5 Graphics;Spectre SL;Sep 17th, 2014;IGP;System Shared;758 MHz;System Shared;256 / 16 / 4
1677;Radeon R5 M230 Rebrand;Sun;May 31st, 2014;PCIe 3.0 x8;2 GB, DDR3, 64 bit;780 MHz;900 MHz;320 / 20 / 8
1678;Radeon R5 M240;Jet;Sep 18th, 2014;PCIe 3.0 x8;1024 MB, DDR3, 64 bit;1000 MHz;900 MHz;320 / 20 / 8
1679;Radeon R5 M255;Topaz;Oct 12th, 2014;PCIe 3.0 x8;1024 MB, GDDR5, 128 bit;925 MHz;1000 MHz;384 / 24 / 8
1680;Radeon R5 Mobile Graphics;Beema;Jun 14th, 2014;IGP;System Shared;800 MHz;System Shared;128 / 8 / 4
1681;Radeon R6 M255DX;Topaz;Oct 12th, 2014;IGP;System Shared;925 MHz;System Shared;384 / 24 / 8
1682;Radeon R6 Mobile Graphics;Spectre Lite;Sep 17th, 2014;IGP;System Shared;533 MHz;System Shared;384 / 24 / 8
1683;Radeon R7 250X;Cape Verde;Feb 13th, 2014;PCIe 3.0 x16;1024 MB, GDDR5, 128 bit;950 MHz;1125 MHz;640 / 40 / 16
1684;Radeon R7 250XE;Cape Verde;Aug 21st, 2014;PCIe 3.0 x16;1024 MB, GDDR5, 128 bit;860 MHz;1125 MHz;640 / 40 / 16
1685;Radeon R7 265;Pitcairn;Feb 13th, 2014;PCIe 3.0 x16;2 GB, GDDR5, 256 bit;900 MHz;1400 MHz;1024 / 64 / 32
1686;Radeon R7 265X OEM;Curacao;Aug 12th, 2014;PCIe 3.0 x16;2 GB, GDDR5, 256 bit;900 MHz;1400 MHz;1280 / 80 / 32
1687;Radeon R7 Graphics;Spectre Lite;Feb 17th, 2014;IGP;System Shared;720 MHz;System Shared;384 / 24 / 8
1688;Radeon R7 M260;Topaz;Jun 11th, 2014;PCIe 3.0 x8;2 GB, DDR3, 64 bit;940 MHz;900 MHz;384 / 24 / 8
1689;Radeon R7 M260DX;Topaz;Oct 12th, 2014;IGP;System Shared;925 MHz;System Shared;384 / 24 / 8
1690;Radeon R7 M265;Topaz;May 20th, 2014;PCIe 3.0 x8;2 GB, DDR3, 64 bit;900 MHz;900 MHz;384 / 24 / 8
1691;Radeon R7 M265DX;Topaz;Jun 11th, 2014;IGP;System Shared;900 MHz;System Shared;384 / 24 / 8
1692;Radeon R7 M265DX;Topaz;Oct 12th, 2014;IGP;System Shared;925 MHz;System Shared;384 / 24 / 8
1693;Radeon R7 M270DX;Topaz;Jun 11th, 2014;IGP;System Shared;900 MHz;System Shared;384 / 24 / 8
1694;Radeon R7 Mobile Graphics;Spectre Lite;Feb 17th, 2014;IGP;System Shared;554 MHz;System Shared;384 / 24 / 8
1695;Radeon R9 280;Tahiti;Mar 4th, 2014;PCIe 3.0 x16;3 GB, GDDR5, 384 bit;827 MHz;1250 MHz;1792 / 112 / 32
1696;Radeon R9 285;Tonga;Sep 2nd, 2014;PCIe 3.0 x16;2 GB, GDDR5, 256 bit;918 MHz;1375 MHz;1792 / 112 / 32
1697;Radeon R9 290X2;Hawaii;Jun 24th, 2014;PCIe 3.0 x16;4 GB, GDDR5, 512 bit;1000 MHz;1350 MHz;2816 / 176 / 64
1698;Radeon R9 295X2;Vesuvius;Apr 29th, 2014;PCIe 3.0 x16;4 GB, GDDR5, 512 bit;1018 MHz;1250 MHz;2816 / 176 / 64
1699;Radeon R9 M265X;Venus;Mar 21st, 2014;PCIe 3.0 x16;2 GB, GDDR5, 128 bit;575 MHz;1000 MHz;640 / 40 / 16
1700;Radeon R9 M270X;Venus;Mar 21st, 2014;PCIe 3.0 x16;2 GB, GDDR5, 128 bit;725 MHz;1000 MHz;640 / 40 / 16
1701;Radeon R9 M275;Venus;Jan 28th, 2014;PCIe 3.0 x16;2 GB, GDDR5, 128 bit;900 MHz;1000 MHz;640 / 40 / 16
1702;Radeon R9 M275X;Venus;Jan 28th, 2014;PCIe 3.0 x16;2 GB, GDDR5, 128 bit;900 MHz;1125 MHz;640 / 40 / 16
1703;Radeon R9 M290X Mac Edition;Pitcairn;Nov 23rd, 2014;PCIe 3.0 x16;2 GB, GDDR5, 256 bit;850 MHz;1365 MHz;1024 / 64 / 32
1704;Radeon R9 M295X;Amethyst;Nov 23rd, 2014;MXM-B (3.0);4 GB, GDDR5, 256 bit;723 MHz;1250 MHz;2048 / 128 / 32
1705;Radeon R9 M295X Mac Edition;Amethyst;Nov 23rd, 2014;MXM-B (3.0);4 GB, GDDR5, 256 bit;850 MHz;1362 MHz;2048 / 128 / 32
1706;HD Graphics 5300;Broadwell GT2;Sep 5th, 2014;Ring Bus;System Shared;300 MHz;System Shared;192 / 24 / 3
1707;HD Graphics 5500;Broadwell GT2;Sep 5th, 2014;Ring Bus;System Shared;300 MHz;System Shared;192 / 24 / 3
1708;HD Graphics 5600;Broadwell GT2;Sep 5th, 2014;Ring Bus;System Shared;300 MHz;System Shared;192 / 24 / 3
1709;HD Graphics 6000;Broadwell GT3;Sep 5th, 2014;Ring Bus;System Shared;300 MHz;System Shared;384 / 48 / 6
1710;HD Graphics P5700;Broadwell GT2;Sep 5th, 2014;Ring Bus;System Shared;700 MHz;System Shared;192 / 24 / 3
1711;Iris Graphics 6100;Broadwell GT3;Sep 5th, 2014;Ring Bus;System Shared;300 MHz;System Shared;384 / 48 / 6
1712;Iris Pro Graphics 6200;Broadwell GT3e;Sep 5th, 2014;Ring Bus;System Shared;300 MHz;System Shared;384 / 48 / 6
1713;Iris Pro Graphics 6200;Broadwell GT3e;Sep 5th, 2014;Ring Bus;System Shared;300 MHz;System Shared;384 / 48 / 6
1714;Iris Pro Graphics P6300;Broadwell GT3e;Sep 5th, 2014;Ring Bus;System Shared;300 MHz;System Shared;384 / 48 / 6
1715;GeForce 710A;GK208;Mar 17th, 2014;PCIe 3.0 x8;1024 MB, DDR3, 64 bit;719 MHz;1001 MHz;192 / 16 / 8
1716;GeForce 720A;GF117;Jul 1st, 2014;PCIe 2.0 x16;1024 MB, DDR3, 64 bit;775 MHz;1001 MHz;96 / 16 / 8
1717;GeForce 800M;GF117;Mar 17th, 2014;PCIe 2.0 x16;1024 MB, DDR3, 64 bit;738 MHz;900 MHz;48 / 8 / 8
1718;GeForce 805A;GK208;Jul 22nd, 2014;PCIe 3.0 x8;1024 MB, DDR3, 64 bit;719 MHz;1001 MHz;192 / 16 / 8
1719;GeForce 810A;GK208;Jul 22nd, 2014;PCIe 3.0 x8;1024 MB, DDR3, 64 bit;719 MHz;900 MHz;192 / 16 / 8
1720;GeForce 820A;GF117;Mar 17th, 2014;PCIe 2.0 x16;1024 MB, DDR3, 64 bit;625 MHz;1001 MHz;96 / 16 / 8
1721;GeForce 825M;GK208;Jan 27th, 2014;PCIe 3.0 x8;1024 MB, DDR3, 64 bit;850 MHz;900 MHz;384 / 32 / 8
1722;GeForce 830A;GM108;Jul 22nd, 2014;PCIe 3.0 x8;2 GB, DDR3, 64 bit;1082 MHz;1001 MHz;256 / 16 / 8
1723;GeForce 830M;GM108;Mar 12th, 2014;PCIe 3.0 x8;2 GB, DDR3, 64 bit;1082 MHz;900 MHz;256 / 16 / 8
1724;GeForce 840A;GM108;Mar 17th, 2014;PCIe 3.0 x8;2 GB, DDR3, 64 bit;1029 MHz;1001 MHz;384 / 16 / 8
1725;GeForce 840M;GM108;Mar 12th, 2014;PCIe 3.0 x8;2 GB, DDR3, 64 bit;1029 MHz;1001 MHz;384 / 16 / 8
1726;GeForce GT 705 OEM;GF119;Mar 27th, 2014;PCIe 2.0 x16;1024 MB, DDR3, 64 bit;874 MHz;825 MHz;48 / 8 / 4
1727;GeForce GT 710;GK208B;Mar 27th, 2014;PCIe 2.0 x8;2 GB, DDR3, 64 bit;954 MHz;900 MHz;192 / 16 / 8
1728;GeForce GT 710;GK208;Mar 27th, 2014;PCIe 2.0 x8;2 GB, DDR3, 64 bit;954 MHz;900 MHz;192 / 16 / 8
1729;GeForce GT 710 PCIe x1;GK208B;Mar 27th, 2014;PCIe 2.0 x1;1024 MB, DDR3, 64 bit;954 MHz;800 MHz;192 / 16 / 8
1730;GeForce GT 720;GK208;Mar 27th, 2014;PCIe 2.0 x8;2 GB, DDR3, 64 bit;967 MHz;900 MHz;384 / 32 / 8
1731;GeForce GT 720;GK208B;Sep 29th, 2014;PCIe 2.0 x8;1024 MB, DDR3, 64 bit;797 MHz;800 MHz;192 / 16 / 8
1732;GeForce GT 720A;GF117;Jul 1st, 2014;PCIe 2.0 x16;1024 MB, DDR3, 64 bit;775 MHz;1001 MHz;96 / 16 / 8
1733;GeForce GT 730;GF108;Jun 18th, 2014;PCIe 2.0 x16;2 GB, DDR3, 128 bit;700 MHz;800 MHz;96 / 16 / 4
1734;GeForce GT 730;GF108;Jun 18th, 2014;PCIe 2.0 x16;1024 MB, DDR3, 128 bit;700 MHz;900 MHz;96 / 16 / 4
1735;GeForce GT 730;GK208B;Jun 18th, 2014;PCIe 2.0 x8;1024 MB, GDDR5, 64 bit;902 MHz;1253 MHz;384 / 32 / 8
1736;GeForce GT 730A;GK208;Jul 1st, 2014;PCIe 3.0 x8;1024 MB, DDR3, 64 bit;719 MHz;1001 MHz;384 / 32 / 8
1737;GeForce GT 730M;GK208;Mar 6th, 2014;PCIe 2.0 x8;2 GB, DDR3, 64 bit;719 MHz;900 MHz;384 / 32 / 8
1738;GeForce GT 740;GK107;May 29th, 2014;PCIe 3.0 x16;1024 MB, GDDR5, 128 bit;993 MHz;1253 MHz;384 / 32 / 16
1739;GeForce GTX 660 Rev. 2;GK104;Sep 13th, 2014;PCIe 3.0 x16;2 GB, GDDR5, 192 bit;980 MHz;1502 MHz;960 / 80 / 24
1740;GeForce GTX 745 OEM;GM107;Feb 18th, 2014;PCIe 3.0 x16;4 GB, DDR3, 128 bit;1033 MHz;900 MHz;384 / 24 / 16
1741;GeForce GTX 750;GM107;Feb 18th, 2014;PCIe 3.0 x16;1024 MB, GDDR5, 128 bit;1020 MHz;1253 MHz;512 / 32 / 16
1742;GeForce GTX 750 Ti;GM107;Feb 18th, 2014;PCIe 3.0 x16;2 GB, GDDR5, 128 bit;1020 MHz;1350 MHz;640 / 40 / 16
1743;GeForce GTX 760A;GK106;Mar 17th, 2014;PCIe 3.0 x16;1024 MB, GDDR5, 128 bit;628 MHz;1002 MHz;768 / 64 / 16
1744;GeForce GTX 850A;GM107;Mar 17th, 2014;PCIe 3.0 x16;2 GB, DDR3, 128 bit;902 MHz;900 MHz;640 / 40 / 16
1745;GeForce GTX 850M;GM107;Mar 12th, 2014;PCIe 3.0 x16;2 GB, DDR3, 128 bit;902 MHz;1001 MHz;640 / 40 / 16
1746;GeForce GTX 860M;GK104;Mar 10th, 2014;PCIe 3.0 x16;2 GB, GDDR5, 128 bit;797 MHz;1250 MHz;1152 / 96 / 16
1747;GeForce GTX 870M;GK104;Mar 12th, 2014;MXM-B (3.0);3 GB, GDDR5, 192 bit;941 MHz;1250 MHz;1344 / 112 / 24
1748;GeForce GTX 880M;GK104;Mar 12th, 2014;MXM-B (3.0);8 GB, GDDR5, 256 bit;954 MHz;1250 MHz;1536 / 128 / 32
1749;GeForce GTX 970M;GM204;Oct 7th, 2014;MXM-B (3.0);6 GB, GDDR5, 192 bit;924 MHz;1253 MHz;1280 / 80 / 48
1750;GeForce GTX 970M;GM204;Oct 7th, 2014;MXM-B (3.0);3 GB, GDDR5, 192 bit;924 MHz;1253 MHz;1280 / 80 / 48
1751;Jetson TK1 GPU;GK20A;Oct 15th, 2014;IGP;System Shared;756 MHz;System Shared;192 / 8 / 4
1752;Quadro K100M;GK107;Aug 22nd, 2014;MXM-A (3.0);2 GB, DDR3, 64 bit;851 MHz;900 MHz;192 / 16 / 8
1753;Quadro K200M;GK107;Aug 22nd, 2014;MXM-A (3.0);2 GB, DDR3, 64 bit;745 MHz;900 MHz;192 / 16 / 8
1754;Quadro K2200;GM107;Jul 22nd, 2014;PCIe 2.0 x16;4 GB, GDDR5, 128 bit;1046 MHz;1253 MHz;640 / 40 / 16
1755;Quadro K2200M;GM107;Jul 19th, 2014;MXM-A (3.0);2 GB, GDDR5, 128 bit;1150 MHz;1253 MHz;640 / 40 / 16
1756;Quadro K420;GK107;Jul 22nd, 2014;PCIe 2.0 x16;1024 MB, DDR3, 128 bit;876 MHz;891 MHz;192 / 16 / 16
1757;Quadro K4200;GK104;Jul 22nd, 2014;PCIe 2.0 x16;4 GB, GDDR5, 256 bit;771 MHz;1350 MHz;1344 / 112 / 32
1758;Quadro K5200;GK110B;Jul 22nd, 2014;PCIe 3.0 x16;8 GB, GDDR5, 256 bit;667 MHz;1502 MHz;2304 / 192 / 48
1759;Quadro K620;GM107;Jul 22nd, 2014;PCIe 2.0 x16;2 GB, DDR3, 128 bit;1058 MHz;900 MHz;384 / 24 / 16
1760;FirePro D300;Pitcairn;Jan 18th, 2014;PCIe 3.0 x16;2 GB, GDDR5, 256 bit;850 MHz;1270 MHz;1280 / 80 / 32
1761;FirePro D500;Tahiti;Jan 18th, 2014;PCIe 3.0 x16;3 GB, GDDR5, 384 bit;725 MHz;1270 MHz;1536 / 96 / 32
1762;FirePro D700;Tahiti;Jan 18th, 2014;PCIe 3.0 x16;6 GB, GDDR5, 384 bit;850 MHz;1370 MHz;2048 / 128 / 32
1763;FirePro S4000X;Venus;Aug 7th, 2014;PCIe 3.0 x16;2 GB, GDDR5, 128 bit;725 MHz;1125 MHz;640 / 40 / 16
1764;FirePro S9050;Tahiti;Aug 7th, 2014;PCIe 3.0 x16;12 GB, GDDR5, 384 bit;900 MHz;1375 MHz;1792 / 112 / 32
1765;FirePro W2100;Oland;Aug 12th, 2014;PCIe 3.0 x8;2 GB, DDR3, 128 bit;630 MHz;900 MHz;320 / 20 / 8
1766;FirePro W4100;Cape Verde;Aug 13th, 2014;PCIe 3.0 x16;2 GB, GDDR5, 128 bit;630 MHz;1000 MHz;512 / 32 / 16
1767;FirePro W4170M;Mars;Apr 28th, 2014;PCIe 3.0 x8;2 GB, GDDR5, 128 bit;825 MHz;1000 MHz;384 / 24 / 8
1768;FirePro W5100;Bonaire;Mar 31st, 2014;PCIe 3.0 x16;4 GB, GDDR5, 128 bit;930 MHz;1500 MHz;768 / 48 / 16
1769;FirePro W5170M;Tropo;Aug 25th, 2014;MXM-A (3.0);2 GB, GDDR5, 128 bit;900 MHz;1125 MHz;640 / 40 / 16
1770;FirePro W6170M;Saturn;Aug 25th, 2014;MXM-B (3.0);2 GB, GDDR5, 128 bit;1075 MHz;1375 MHz;768 / 48 / 16
1771;FirePro W7100;Tonga;Aug 12th, 2014;PCIe 3.0 x16;8 GB, GDDR5, 256 bit;920 MHz;1250 MHz;1792 / 112 / 32
1772;Radeon E8860;Venus;Jan 25th, 2014;PCIe 3.0 x16;2 GB, GDDR5, 128 bit;575 MHz;1125 MHz;640 / 40 / 16
1773;Radeon HD 8530M;Mars;Jan 10th, 2014;PCIe 3.0 x8;1024 MB, DDR3, 64 bit;650 MHz;900 MHz;320 / 16 / 8
1774;Radeon HD 8550M;Sun;Jul 13th, 2014;PCIe 3.0 x8;1024 MB, DDR3, 64 bit;650 MHz;900 MHz;320 / 20 / 8
1775;Radeon R5 A230;Jet;Jan 7th, 2014;PCIe 3.0 x8;4 GB, DDR3, 64 bit;780 MHz;1000 MHz;320 / 20 / 8
1776;Radeon R5 A240;Oland;2014;PCIe 3.0 x8;2 GB, DDR3, 128 bit;730 MHz;900 MHz;320 / 20 / 8
1777;Radeon R5 A240;Jet;2014;PCIe 3.0 x8;1024 MB, DDR3, 64 bit;1030 MHz;900 MHz;320 / 20 / 8
1778;Radeon R5 M230;Jet;Jan 7th, 2014;PCIe 3.0 x8;4 GB, DDR3, 64 bit;825 MHz;1000 MHz;320 / 20 / 8
1779;Radeon R5 M230;Jet;Jan 7th, 2014;PCIe 3.0 x8;4 GB, DDR3, 64 bit;780 MHz;1000 MHz;320 / 20 / 8
1780;Radeon R5 M230 Rebrand;Sun;May 31st, 2014;PCIe 3.0 x8;2 GB, DDR3, 64 bit;780 MHz;900 MHz;320 / 20 / 8
1781;Radeon R5 M240;Jet;Sep 18th, 2014;PCIe 3.0 x8;1024 MB, DDR3, 64 bit;1000 MHz;900 MHz;320 / 20 / 8
1782;Radeon R5 M240 Rebrand;Mars;Jan 10th, 2014;PCIe 3.0 x8;1024 MB, DDR3, 64 bit;650 MHz;900 MHz;384 / 24 / 8
1783;Radeon R5 M250;Jet;Unknown;PCIe 3.0 x8;1024 MB, DDR3, 64 bit;650 MHz;900 MHz;320 / 20 / 8
1784;Radeon R5 M255;Topaz;Oct 12th, 2014;PCIe 3.0 x8;1024 MB, GDDR5, 128 bit;925 MHz;1000 MHz;384 / 24 / 8
1785;Radeon R6 M255DX;Jet;Jan 7th, 2014;IGP;System Shared;780 MHz;System Shared;320 / 20 / 8
1786;Radeon R6 M255DX;Topaz;Oct 12th, 2014;IGP;System Shared;925 MHz;System Shared;384 / 24 / 8
1787;Radeon R6 Mobile Graphics;Spectre Lite;Sep 17th, 2014;IGP;System Shared;533 MHz;System Shared;384 / 24 / 8
1788;Radeon R7 250X;Cape Verde;Feb 13th, 2014;PCIe 3.0 x16;1024 MB, GDDR5, 128 bit;950 MHz;1125 MHz;640 / 40 / 16
1789;Radeon R7 250XE;Cape Verde;Aug 21st, 2014;PCIe 3.0 x16;1024 MB, GDDR5, 128 bit;860 MHz;1125 MHz;640 / 40 / 16
1790;Radeon R7 265;Pitcairn;Feb 13th, 2014;PCIe 3.0 x16;2 GB, GDDR5, 256 bit;900 MHz;1400 MHz;1024 / 64 / 32
1791;Radeon R7 265X OEM;Curacao;Aug 12th, 2014;PCIe 3.0 x16;2 GB, GDDR5, 256 bit;900 MHz;1400 MHz;1280 / 80 / 32
1792;Radeon R7 A265;Opal;Jan 9th, 2014;PCIe 3.0 x8;2 GB, DDR3, 128 bit;725 MHz;900 MHz;384 / 24 / 8
1793;Radeon R7 Graphics;Spectre;Jan 11th, 2014;IGP;System Shared;720 MHz;System Shared;512 / 32 / 8
1794;Radeon R7 Graphics;Spectre Lite;Feb 17th, 2014;IGP;System Shared;720 MHz;System Shared;384 / 24 / 8
1795;Radeon R7 M260;Topaz;Jun 11th, 2014;PCIe 3.0 x8;2 GB, DDR3, 64 bit;940 MHz;900 MHz;384 / 24 / 8
1796;Radeon R7 M260DX;Jet;Jan 7th, 2014;IGP;System Shared;780 MHz;System Shared;320 / 20 / 8
1797;Radeon R7 M260DX;Topaz;Oct 12th, 2014;IGP;System Shared;925 MHz;System Shared;384 / 24 / 8
1798;Radeon R7 M260DX;Jet;Jan 7th, 2014;IGP;System Shared;955 MHz;System Shared;320 / 20 / 8
1799;Radeon R7 M265;Opal;Jan 9th, 2014;PCIe 3.0 x8;2 GB, DDR3, 128 bit;725 MHz;900 MHz;384 / 24 / 8
1800;Radeon R7 M265;Topaz;May 20th, 2014;PCIe 3.0 x8;2 GB, DDR3, 64 bit;900 MHz;900 MHz;384 / 24 / 8
1801;Radeon R7 M265DX;Topaz;Oct 12th, 2014;IGP;System Shared;925 MHz;System Shared;384 / 24 / 8
1802;Radeon R7 M265DX;Topaz;Jun 11th, 2014;IGP;System Shared;900 MHz;System Shared;384 / 24 / 8
1803;Radeon R7 M265DX;Jet;Jan 7th, 2014;IGP;System Shared;780 MHz;System Shared;320 / 20 / 8
1804;Radeon R7 M270;Opal;Jan 9th, 2014;PCIe 3.0 x8;2 GB, DDR3, 128 bit;725 MHz;900 MHz;384 / 24 / 8
1805;Radeon R7 M270DX;Jet;Jan 7th, 2014;IGP;System Shared;780 MHz;System Shared;320 / 20 / 8
1806;Radeon R7 M270DX;Topaz;Jun 11th, 2014;IGP;System Shared;900 MHz;System Shared;384 / 24 / 8
1807;Radeon R7 Mobile Graphics;Spectre Lite;Feb 17th, 2014;IGP;System Shared;554 MHz;System Shared;384 / 24 / 8
1808;Radeon R9 280;Tahiti;Mar 4th, 2014;PCIe 3.0 x16;3 GB, GDDR5, 384 bit;827 MHz;1250 MHz;1792 / 112 / 32
1809;Radeon R9 285;Tonga;Sep 2nd, 2014;PCIe 3.0 x16;2 GB, GDDR5, 256 bit;918 MHz;1375 MHz;1792 / 112 / 32
1810;Radeon R9 290X2;Hawaii;Jun 24th, 2014;PCIe 3.0 x16;4 GB, GDDR5, 512 bit;1000 MHz;1350 MHz;2816 / 176 / 64
1811;Radeon R9 295X2;Vesuvius;Apr 29th, 2014;PCIe 3.0 x16;4 GB, GDDR5, 512 bit;1018 MHz;1250 MHz;2816 / 176 / 64
1812;Radeon R9 M265X;Venus;Mar 21st, 2014;PCIe 3.0 x16;2 GB, GDDR5, 128 bit;575 MHz;1000 MHz;640 / 40 / 16
1813;Radeon R9 M270X;Venus;Mar 21st, 2014;PCIe 3.0 x16;2 GB, GDDR5, 128 bit;725 MHz;1000 MHz;640 / 40 / 16
1814;Radeon R9 M275;Venus;Jan 28th, 2014;PCIe 3.0 x16;2 GB, GDDR5, 128 bit;900 MHz;1000 MHz;640 / 40 / 16
1815;Radeon R9 M275X;Venus;Jan 28th, 2014;PCIe 3.0 x16;2 GB, GDDR5, 128 bit;900 MHz;1125 MHz;640 / 40 / 16
1816;Radeon R9 M290X;Neptune;Jan 9th, 2014;PCIe 3.0 x16;4 GB, GDDR5, 256 bit;850 MHz;1200 MHz;1280 / 80 / 32
1817;Radeon R9 M290X Mac Edition;Pitcairn;Nov 23rd, 2014;PCIe 3.0 x16;2 GB, GDDR5, 256 bit;850 MHz;1365 MHz;1024 / 64 / 32
1818;Radeon R9 M295X;Amethyst;Nov 23rd, 2014;MXM-B (3.0);4 GB, GDDR5, 256 bit;723 MHz;1250 MHz;2048 / 128 / 32
1819;Radeon R9 M295X Mac Edition;Amethyst;Nov 23rd, 2014;MXM-B (3.0);4 GB, GDDR5, 256 bit;850 MHz;1362 MHz;2048 / 128 / 32
1820;HD Graphics 5600;Broadwell GT2;Sep 5th, 2014;Ring Bus;System Shared;300 MHz;System Shared;192 / 24 / 3
1821;HD Graphics 6000;Broadwell GT3;Sep 5th, 2014;Ring Bus;System Shared;300 MHz;System Shared;384 / 48 / 6
1822;Iris Graphics 6100;Broadwell GT3;Sep 5th, 2014;Ring Bus;System Shared;300 MHz;System Shared;384 / 48 / 6
1823;Iris Pro Graphics 6200;Broadwell GT3e;Sep 5th, 2014;Ring Bus;System Shared;300 MHz;System Shared;384 / 48 / 6
1824;Iris Pro Graphics 6200;Broadwell GT3e;Sep 5th, 2014;Ring Bus;System Shared;300 MHz;System Shared;384 / 48 / 6
1825;Iris Pro Graphics P6300;Broadwell GT3e;Sep 5th, 2014;Ring Bus;System Shared;300 MHz;System Shared;384 / 48 / 6
1826;GeForce 710A;GK208;Mar 17th, 2014;PCIe 3.0 x8;1024 MB, DDR3, 64 bit;719 MHz;1001 MHz;192 / 16 / 8
1827;GeForce 805A;GK208;Jul 22nd, 2014;PCIe 3.0 x8;1024 MB, DDR3, 64 bit;719 MHz;1001 MHz;192 / 16 / 8
1828;GeForce 810A;GK208;Jul 22nd, 2014;PCIe 3.0 x8;1024 MB, DDR3, 64 bit;719 MHz;900 MHz;192 / 16 / 8
1829;GeForce 825M;GK208;Jan 27th, 2014;PCIe 3.0 x8;1024 MB, DDR3, 64 bit;850 MHz;900 MHz;384 / 32 / 8
1830;GeForce 830A;GM108;Jul 22nd, 2014;PCIe 3.0 x8;2 GB, DDR3, 64 bit;1082 MHz;1001 MHz;256 / 16 / 8
1831;GeForce 830M;GM108;Mar 12th, 2014;PCIe 3.0 x8;2 GB, DDR3, 64 bit;1082 MHz;900 MHz;256 / 16 / 8
1832;GeForce 840A;GM108;Mar 17th, 2014;PCIe 3.0 x8;2 GB, DDR3, 64 bit;1029 MHz;1001 MHz;384 / 16 / 8
1833;GeForce 840M;GM108;Mar 12th, 2014;PCIe 3.0 x8;2 GB, DDR3, 64 bit;1029 MHz;1001 MHz;384 / 16 / 8
1834;GeForce GT 710;GK208;Mar 27th, 2014;PCIe 2.0 x8;2 GB, DDR3, 64 bit;954 MHz;900 MHz;192 / 16 / 8
1835;GeForce GT 710;GK208B;Mar 27th, 2014;PCIe 2.0 x8;2 GB, DDR3, 64 bit;954 MHz;900 MHz;192 / 16 / 8
1836;GeForce GT 710 PCIe x1;GK208B;Mar 27th, 2014;PCIe 2.0 x1;1024 MB, DDR3, 64 bit;954 MHz;800 MHz;192 / 16 / 8
1837;GeForce GT 720;GK208;Mar 27th, 2014;PCIe 2.0 x8;2 GB, DDR3, 64 bit;967 MHz;900 MHz;384 / 32 / 8
1838;GeForce GT 730;GK208B;Jun 18th, 2014;PCIe 2.0 x8;1024 MB, GDDR5, 64 bit;902 MHz;1253 MHz;384 / 32 / 8
1839;GeForce GT 730A;GK208;Jul 1st, 2014;PCIe 3.0 x8;1024 MB, DDR3, 64 bit;719 MHz;1001 MHz;384 / 32 / 8
1840;GeForce GT 730M;GK208;Mar 6th, 2014;PCIe 2.0 x8;2 GB, DDR3, 64 bit;719 MHz;900 MHz;384 / 32 / 8
1841;GeForce GT 740;GK107;May 29th, 2014;PCIe 3.0 x16;1024 MB, GDDR5, 128 bit;993 MHz;1253 MHz;384 / 32 / 16
1842;GeForce GTX 660 Rev. 2;GK104;Sep 13th, 2014;PCIe 3.0 x16;2 GB, GDDR5, 192 bit;980 MHz;1502 MHz;960 / 80 / 24
1843;GeForce GTX 745 OEM;GM107;Feb 18th, 2014;PCIe 3.0 x16;4 GB, DDR3, 128 bit;1033 MHz;900 MHz;384 / 24 / 16
1844;GeForce GTX 750;GM107;Feb 18th, 2014;PCIe 3.0 x16;1024 MB, GDDR5, 128 bit;1020 MHz;1253 MHz;512 / 32 / 16
1845;GeForce GTX 750 Ti;GM107;Feb 18th, 2014;PCIe 3.0 x16;2 GB, GDDR5, 128 bit;1020 MHz;1350 MHz;640 / 40 / 16
1846;GeForce GTX 760A;GK106;Mar 17th, 2014;PCIe 3.0 x16;1024 MB, GDDR5, 128 bit;628 MHz;1002 MHz;768 / 64 / 16
1847;GeForce GTX 850A;GM107;Mar 17th, 2014;PCIe 3.0 x16;2 GB, DDR3, 128 bit;902 MHz;900 MHz;640 / 40 / 16
1848;GeForce GTX 850M;GM107;Mar 12th, 2014;PCIe 3.0 x16;2 GB, DDR3, 128 bit;902 MHz;1001 MHz;640 / 40 / 16
1849;GeForce GTX 860M;GM107;Jan 13th, 2014;MXM-B (3.0);2 GB, GDDR5, 128 bit;1020 MHz;1253 MHz;640 / 40 / 16
1850;GeForce GTX 860M;GK104;Mar 10th, 2014;PCIe 3.0 x16;2 GB, GDDR5, 128 bit;797 MHz;1250 MHz;1152 / 96 / 16
1851;GeForce GTX 870M;GK104;Mar 12th, 2014;MXM-B (3.0);3 GB, GDDR5, 192 bit;941 MHz;1250 MHz;1344 / 112 / 24
1852;GeForce GTX 880M;GK104;Mar 12th, 2014;MXM-B (3.0);8 GB, GDDR5, 256 bit;954 MHz;1250 MHz;1536 / 128 / 32
1853;GeForce GTX 970M;GM204;Oct 7th, 2014;MXM-B (3.0);6 GB, GDDR5, 192 bit;924 MHz;1253 MHz;1280 / 80 / 48
1854;GeForce GTX 970M;GM204;Oct 7th, 2014;MXM-B (3.0);3 GB, GDDR5, 192 bit;924 MHz;1253 MHz;1280 / 80 / 48
1855;Jetson TK1 GPU;GK20A;Oct 15th, 2014;IGP;System Shared;756 MHz;System Shared;192 / 8 / 4
1856;Quadro K2200;GM107;Jul 22nd, 2014;PCIe 2.0 x16;4 GB, GDDR5, 128 bit;1046 MHz;1253 MHz;640 / 40 / 16
1857;Quadro K2200M;GM107;Jul 19th, 2014;MXM-A (3.0);2 GB, GDDR5, 128 bit;1150 MHz;1253 MHz;640 / 40 / 16
1858;Quadro K4200;GK104;Jul 22nd, 2014;PCIe 2.0 x16;4 GB, GDDR5, 256 bit;771 MHz;1350 MHz;1344 / 112 / 32
1859;Quadro K5200;GK110B;Jul 22nd, 2014;PCIe 3.0 x16;8 GB, GDDR5, 256 bit;667 MHz;1502 MHz;2304 / 192 / 48
1860;Quadro K620;GM107;Jul 22nd, 2014;PCIe 2.0 x16;2 GB, DDR3, 128 bit;1058 MHz;900 MHz;384 / 24 / 16
1861;Radeon R9 290X2;Hawaii;Jun 24th, 2014;PCIe 3.0 x16;4 GB, GDDR5, 512 bit;1000 MHz;1350 MHz;2816 / 176 / 64
1862;Radeon R9 295X2;Vesuvius;Apr 29th, 2014;PCIe 3.0 x16;4 GB, GDDR5, 512 bit;1018 MHz;1250 MHz;2816 / 176 / 64
1863;FirePro D300;Pitcairn;Jan 18th, 2014;PCIe 3.0 x16;2 GB, GDDR5, 256 bit;850 MHz;1270 MHz;1280 / 80 / 32
1864;FirePro D500;Tahiti;Jan 18th, 2014;PCIe 3.0 x16;3 GB, GDDR5, 384 bit;725 MHz;1270 MHz;1536 / 96 / 32
1865;FirePro D700;Tahiti;Jan 18th, 2014;PCIe 3.0 x16;6 GB, GDDR5, 384 bit;850 MHz;1370 MHz;2048 / 128 / 32
1866;FirePro S4000X;Venus;Aug 7th, 2014;PCIe 3.0 x16;2 GB, GDDR5, 128 bit;725 MHz;1125 MHz;640 / 40 / 16
1867;FirePro S9050;Tahiti;Aug 7th, 2014;PCIe 3.0 x16;12 GB, GDDR5, 384 bit;900 MHz;1375 MHz;1792 / 112 / 32
1868;FirePro W4100;Cape Verde;Aug 13th, 2014;PCIe 3.0 x16;2 GB, GDDR5, 128 bit;630 MHz;1000 MHz;512 / 32 / 16
1869;FirePro W4170M;Mars;Apr 28th, 2014;PCIe 3.0 x8;2 GB, GDDR5, 128 bit;825 MHz;1000 MHz;384 / 24 / 8
1870;FirePro W5100;Bonaire;Mar 31st, 2014;PCIe 3.0 x16;4 GB, GDDR5, 128 bit;930 MHz;1500 MHz;768 / 48 / 16
1871;FirePro W5170M;Tropo;Aug 25th, 2014;MXM-A (3.0);2 GB, GDDR5, 128 bit;900 MHz;1125 MHz;640 / 40 / 16
1872;FirePro W6170M;Saturn;Aug 25th, 2014;MXM-B (3.0);2 GB, GDDR5, 128 bit;1075 MHz;1375 MHz;768 / 48 / 16
1873;FirePro W7100;Tonga;Aug 12th, 2014;PCIe 3.0 x16;8 GB, GDDR5, 256 bit;920 MHz;1250 MHz;1792 / 112 / 32
1874;Radeon E8860;Venus;Jan 25th, 2014;PCIe 3.0 x16;2 GB, GDDR5, 128 bit;575 MHz;1125 MHz;640 / 40 / 16
1875;Radeon HD 8550M;Sun;Jul 13th, 2014;PCIe 3.0 x8;1024 MB, DDR3, 64 bit;650 MHz;900 MHz;320 / 20 / 8
1876;Radeon R5 A230;Jet;Jan 7th, 2014;PCIe 3.0 x8;4 GB, DDR3, 64 bit;780 MHz;1000 MHz;320 / 20 / 8
1877;Radeon R5 A240;Oland;2014;PCIe 3.0 x8;2 GB, DDR3, 128 bit;730 MHz;900 MHz;320 / 20 / 8
1878;Radeon R5 A240;Jet;2014;PCIe 3.0 x8;1024 MB, DDR3, 64 bit;1030 MHz;900 MHz;320 / 20 / 8
1879;Radeon R5 A255;Topaz;2014;PCIe 3.0 x8;1024 MB, GDDR5, 128 bit;925 MHz;1000 MHz;384 / 24 / 8
1880;Radeon R5 M230;Jet;Jan 7th, 2014;PCIe 3.0 x8;4 GB, DDR3, 64 bit;780 MHz;1000 MHz;320 / 20 / 8
1881;Radeon R5 M230;Jet;Jan 7th, 2014;PCIe 3.0 x8;4 GB, DDR3, 64 bit;825 MHz;1000 MHz;320 / 20 / 8
1882;Radeon R5 M230 Rebrand;Sun;May 31st, 2014;PCIe 3.0 x8;2 GB, DDR3, 64 bit;780 MHz;900 MHz;320 / 20 / 8
1883;Radeon R5 M240;Jet;Sep 18th, 2014;PCIe 3.0 x8;1024 MB, DDR3, 64 bit;1000 MHz;900 MHz;320 / 20 / 8
1884;Radeon R5 M240 Rebrand;Mars;Jan 10th, 2014;PCIe 3.0 x8;1024 MB, DDR3, 64 bit;650 MHz;900 MHz;384 / 24 / 8
1885;Radeon R5 M255;Topaz;Oct 12th, 2014;PCIe 3.0 x8;1024 MB, GDDR5, 128 bit;925 MHz;1000 MHz;384 / 24 / 8
1886;Radeon R6 M255DX;Topaz;Oct 12th, 2014;IGP;System Shared;925 MHz;System Shared;384 / 24 / 8
1887;Radeon R6 M255DX;Jet;Jan 7th, 2014;IGP;System Shared;780 MHz;System Shared;320 / 20 / 8
1888;Radeon R7 250X;Cape Verde;Feb 13th, 2014;PCIe 3.0 x16;1024 MB, GDDR5, 128 bit;950 MHz;1125 MHz;640 / 40 / 16
1889;Radeon R7 250XE;Cape Verde;Aug 21st, 2014;PCIe 3.0 x16;1024 MB, GDDR5, 128 bit;860 MHz;1125 MHz;640 / 40 / 16
1890;Radeon R7 265;Pitcairn;Feb 13th, 2014;PCIe 3.0 x16;2 GB, GDDR5, 256 bit;900 MHz;1400 MHz;1024 / 64 / 32
1891;Radeon R7 265X OEM;Curacao;Aug 12th, 2014;PCIe 3.0 x16;2 GB, GDDR5, 256 bit;900 MHz;1400 MHz;1280 / 80 / 32
1892;Radeon R7 A260;Topaz;2014;PCIe 3.0 x8;1024 MB, GDDR5, 128 bit;900 MHz;900 MHz;384 / 24 / 8
1893;Radeon R7 A265;Opal;Jan 9th, 2014;PCIe 3.0 x8;2 GB, DDR3, 128 bit;725 MHz;900 MHz;384 / 24 / 8
1894;Radeon R7 Graphics;Spectre Lite;Feb 17th, 2014;IGP;System Shared;720 MHz;System Shared;384 / 24 / 8
1895;Radeon R7 Graphics;Spectre;Jan 11th, 2014;IGP;System Shared;720 MHz;System Shared;512 / 32 / 8
1896;Radeon R7 M260;Topaz;Jun 11th, 2014;PCIe 3.0 x8;2 GB, DDR3, 64 bit;940 MHz;900 MHz;384 / 24 / 8
1897;Radeon R7 M260DX;Jet;Jan 7th, 2014;IGP;System Shared;780 MHz;System Shared;320 / 20 / 8
1898;Radeon R7 M260DX;Topaz;Oct 12th, 2014;IGP;System Shared;925 MHz;System Shared;384 / 24 / 8
1899;Radeon R7 M260DX;Jet;Jan 7th, 2014;IGP;System Shared;955 MHz;System Shared;320 / 20 / 8
1900;Radeon R7 M265;Opal;Jan 9th, 2014;PCIe 3.0 x8;2 GB, DDR3, 128 bit;725 MHz;900 MHz;384 / 24 / 8
1901;Radeon R7 M265;Topaz;May 20th, 2014;PCIe 3.0 x8;2 GB, DDR3, 64 bit;900 MHz;900 MHz;384 / 24 / 8
1902;Radeon R7 M265DX;Topaz;Jun 11th, 2014;IGP;System Shared;900 MHz;System Shared;384 / 24 / 8
1903;Radeon R7 M265DX;Topaz;Oct 12th, 2014;IGP;System Shared;925 MHz;System Shared;384 / 24 / 8
1904;Radeon R7 M265DX;Jet;Jan 7th, 2014;IGP;System Shared;780 MHz;System Shared;320 / 20 / 8
1905;Radeon R7 M270;Opal;Jan 9th, 2014;PCIe 3.0 x8;2 GB, DDR3, 128 bit;725 MHz;900 MHz;384 / 24 / 8
1906;Radeon R7 M270DX;Topaz;Jun 11th, 2014;IGP;System Shared;900 MHz;System Shared;384 / 24 / 8
1907;Radeon R7 M270DX;Jet;Jan 7th, 2014;IGP;System Shared;780 MHz;System Shared;320 / 20 / 8
1908;Radeon R9 280;Tahiti;Mar 4th, 2014;PCIe 3.0 x16;3 GB, GDDR5, 384 bit;827 MHz;1250 MHz;1792 / 112 / 32
1909;Radeon R9 285;Tonga;Sep 2nd, 2014;PCIe 3.0 x16;2 GB, GDDR5, 256 bit;918 MHz;1375 MHz;1792 / 112 / 32
1910;Radeon R9 290X2;Hawaii;Jun 24th, 2014;PCIe 3.0 x16;4 GB, GDDR5, 512 bit;1000 MHz;1350 MHz;2816 / 176 / 64
1911;Radeon R9 295X2;Vesuvius;Apr 29th, 2014;PCIe 3.0 x16;4 GB, GDDR5, 512 bit;1018 MHz;1250 MHz;2816 / 176 / 64
1912;Radeon R9 M265X;Venus;Mar 21st, 2014;PCIe 3.0 x16;2 GB, GDDR5, 128 bit;575 MHz;1000 MHz;640 / 40 / 16
1913;Radeon R9 M270X;Venus;Mar 21st, 2014;PCIe 3.0 x16;2 GB, GDDR5, 128 bit;725 MHz;1000 MHz;640 / 40 / 16
1914;Radeon R9 M275;Venus;Jan 28th, 2014;PCIe 3.0 x16;2 GB, GDDR5, 128 bit;900 MHz;1000 MHz;640 / 40 / 16
1915;Radeon R9 M275X;Venus;Jan 28th, 2014;PCIe 3.0 x16;2 GB, GDDR5, 128 bit;900 MHz;1125 MHz;640 / 40 / 16
1916;Radeon R9 M290X;Neptune;Jan 9th, 2014;PCIe 3.0 x16;4 GB, GDDR5, 256 bit;850 MHz;1200 MHz;1280 / 80 / 32
1917;Radeon R9 M290X Mac Edition;Pitcairn;Nov 23rd, 2014;PCIe 3.0 x16;2 GB, GDDR5, 256 bit;850 MHz;1365 MHz;1024 / 64 / 32
1918;Radeon R9 M295X;Amethyst;Nov 23rd, 2014;MXM-B (3.0);4 GB, GDDR5, 256 bit;723 MHz;1250 MHz;2048 / 128 / 32
1919;Radeon R9 M295X Mac Edition;Amethyst;Nov 23rd, 2014;MXM-B (3.0);4 GB, GDDR5, 256 bit;850 MHz;1362 MHz;2048 / 128 / 32
1920;HD Graphics 6000;Broadwell GT3;Sep 5th, 2014;Ring Bus;System Shared;300 MHz;System Shared;384 / 48 / 6
1921;Iris Graphics 6100;Broadwell GT3;Sep 5th, 2014;Ring Bus;System Shared;300 MHz;System Shared;384 / 48 / 6
1922;Iris Pro Graphics 6200;Broadwell GT3e;Sep 5th, 2014;Ring Bus;System Shared;300 MHz;System Shared;384 / 48 / 6
1923;Iris Pro Graphics 6200;Broadwell GT3e;Sep 5th, 2014;Ring Bus;System Shared;300 MHz;System Shared;384 / 48 / 6
1924;Iris Pro Graphics P6300;Broadwell GT3e;Sep 5th, 2014;Ring Bus;System Shared;300 MHz;System Shared;384 / 48 / 6
1925;GeForce 825M;GK208;Jan 27th, 2014;PCIe 3.0 x8;1024 MB, DDR3, 64 bit;850 MHz;900 MHz;384 / 32 / 8
1926;GeForce 830A;GM108;Jul 22nd, 2014;PCIe 3.0 x8;2 GB, DDR3, 64 bit;1082 MHz;1001 MHz;256 / 16 / 8
1927;GeForce 830M;GM108;Mar 12th, 2014;PCIe 3.0 x8;2 GB, DDR3, 64 bit;1082 MHz;900 MHz;256 / 16 / 8
1928;GeForce 840A;GM108;Mar 17th, 2014;PCIe 3.0 x8;2 GB, DDR3, 64 bit;1029 MHz;1001 MHz;384 / 16 / 8
1929;GeForce 840M;GM108;Mar 12th, 2014;PCIe 3.0 x8;2 GB, DDR3, 64 bit;1029 MHz;1001 MHz;384 / 16 / 8
1930;GeForce GT 720;GK208;Mar 27th, 2014;PCIe 2.0 x8;2 GB, DDR3, 64 bit;967 MHz;900 MHz;384 / 32 / 8
1931;GeForce GT 730;GK208B;Jun 18th, 2014;PCIe 2.0 x8;1024 MB, GDDR5, 64 bit;902 MHz;1253 MHz;384 / 32 / 8
1932;GeForce GT 730A;GK208;Jul 1st, 2014;PCIe 3.0 x8;1024 MB, DDR3, 64 bit;719 MHz;1001 MHz;384 / 32 / 8
1933;GeForce GT 730M;GK208;Mar 6th, 2014;PCIe 2.0 x8;2 GB, DDR3, 64 bit;719 MHz;900 MHz;384 / 32 / 8
1934;GeForce GT 740;GK107;May 29th, 2014;PCIe 3.0 x16;1024 MB, GDDR5, 128 bit;993 MHz;1253 MHz;384 / 32 / 16
1935;GeForce GTX 660 Rev. 2;GK104;Sep 13th, 2014;PCIe 3.0 x16;2 GB, GDDR5, 192 bit;980 MHz;1502 MHz;960 / 80 / 24
1936;GeForce GTX 745 OEM;GM107;Feb 18th, 2014;PCIe 3.0 x16;4 GB, DDR3, 128 bit;1033 MHz;900 MHz;384 / 24 / 16
1937;GeForce GTX 750;GM107;Feb 18th, 2014;PCIe 3.0 x16;1024 MB, GDDR5, 128 bit;1020 MHz;1253 MHz;512 / 32 / 16
1938;GeForce GTX 750 Ti;GM107;Feb 18th, 2014;PCIe 3.0 x16;2 GB, GDDR5, 128 bit;1020 MHz;1350 MHz;640 / 40 / 16
1939;GeForce GTX 760A;GK106;Mar 17th, 2014;PCIe 3.0 x16;1024 MB, GDDR5, 128 bit;628 MHz;1002 MHz;768 / 64 / 16
1940;GeForce GTX 850A;GM107;Mar 17th, 2014;PCIe 3.0 x16;2 GB, DDR3, 128 bit;902 MHz;900 MHz;640 / 40 / 16
1941;GeForce GTX 850M;GM107;Mar 12th, 2014;PCIe 3.0 x16;2 GB, DDR3, 128 bit;902 MHz;1001 MHz;640 / 40 / 16
1942;GeForce GTX 860M;GM107;Jan 13th, 2014;MXM-B (3.0);2 GB, GDDR5, 128 bit;1020 MHz;1253 MHz;640 / 40 / 16
1943;GeForce GTX 860M;GK104;Mar 10th, 2014;PCIe 3.0 x16;2 GB, GDDR5, 128 bit;797 MHz;1250 MHz;1152 / 96 / 16
1944;GeForce GTX 870M;GK104;Mar 12th, 2014;MXM-B (3.0);3 GB, GDDR5, 192 bit;941 MHz;1250 MHz;1344 / 112 / 24
1945;GeForce GTX 880M;GK104;Mar 12th, 2014;MXM-B (3.0);8 GB, GDDR5, 256 bit;954 MHz;1250 MHz;1536 / 128 / 32
1946;GeForce GTX 970M;GM204;Oct 7th, 2014;MXM-B (3.0);6 GB, GDDR5, 192 bit;924 MHz;1253 MHz;1280 / 80 / 48
1947;GeForce GTX 970M;GM204;Oct 7th, 2014;MXM-B (3.0);3 GB, GDDR5, 192 bit;924 MHz;1253 MHz;1280 / 80 / 48
1948;Quadro K2200;GM107;Jul 22nd, 2014;PCIe 2.0 x16;4 GB, GDDR5, 128 bit;1046 MHz;1253 MHz;640 / 40 / 16
1949;Quadro K2200M;GM107;Jul 19th, 2014;MXM-A (3.0);2 GB, GDDR5, 128 bit;1150 MHz;1253 MHz;640 / 40 / 16
1950;Quadro K4200;GK104;Jul 22nd, 2014;PCIe 2.0 x16;4 GB, GDDR5, 256 bit;771 MHz;1350 MHz;1344 / 112 / 32
1951;Quadro K5200;GK110B;Jul 22nd, 2014;PCIe 3.0 x16;8 GB, GDDR5, 256 bit;667 MHz;1502 MHz;2304 / 192 / 48
1952;Quadro K620;GM107;Jul 22nd, 2014;PCIe 2.0 x16;2 GB, DDR3, 128 bit;1058 MHz;900 MHz;384 / 24 / 16
1953;FirePro D300;Pitcairn;Jan 18th, 2014;PCIe 3.0 x16;2 GB, GDDR5, 256 bit;850 MHz;1270 MHz;1280 / 80 / 32
1954;FirePro D500;Tahiti;Jan 18th, 2014;PCIe 3.0 x16;3 GB, GDDR5, 384 bit;725 MHz;1270 MHz;1536 / 96 / 32
1955;FirePro D700;Tahiti;Jan 18th, 2014;PCIe 3.0 x16;6 GB, GDDR5, 384 bit;850 MHz;1370 MHz;2048 / 128 / 32
1956;FirePro S9050;Tahiti;Aug 7th, 2014;PCIe 3.0 x16;12 GB, GDDR5, 384 bit;900 MHz;1375 MHz;1792 / 112 / 32
1957;FirePro W5100;Bonaire;Mar 31st, 2014;PCIe 3.0 x16;4 GB, GDDR5, 128 bit;930 MHz;1500 MHz;768 / 48 / 16
1958;FirePro W5170M;Tropo;Aug 25th, 2014;MXM-A (3.0);2 GB, GDDR5, 128 bit;900 MHz;1125 MHz;640 / 40 / 16
1959;FirePro W6170M;Saturn;Aug 25th, 2014;MXM-B (3.0);2 GB, GDDR5, 128 bit;1075 MHz;1375 MHz;768 / 48 / 16
1960;FirePro W7100;Tonga;Aug 12th, 2014;PCIe 3.0 x16;8 GB, GDDR5, 256 bit;920 MHz;1250 MHz;1792 / 112 / 32
1961;Radeon R7 250X;Cape Verde;Feb 13th, 2014;PCIe 3.0 x16;1024 MB, GDDR5, 128 bit;950 MHz;1125 MHz;640 / 40 / 16
1962;Radeon R7 250XE;Cape Verde;Aug 21st, 2014;PCIe 3.0 x16;1024 MB, GDDR5, 128 bit;860 MHz;1125 MHz;640 / 40 / 16
1963;Radeon R7 265;Pitcairn;Feb 13th, 2014;PCIe 3.0 x16;2 GB, GDDR5, 256 bit;900 MHz;1400 MHz;1024 / 64 / 32
1964;Radeon R7 265X OEM;Curacao;Aug 12th, 2014;PCIe 3.0 x16;2 GB, GDDR5, 256 bit;900 MHz;1400 MHz;1280 / 80 / 32
1965;Radeon R9 280;Tahiti;Mar 4th, 2014;PCIe 3.0 x16;3 GB, GDDR5, 384 bit;827 MHz;1250 MHz;1792 / 112 / 32
1966;Radeon R9 285;Tonga;Sep 2nd, 2014;PCIe 3.0 x16;2 GB, GDDR5, 256 bit;918 MHz;1375 MHz;1792 / 112 / 32
1967;Radeon R9 290X2;Hawaii;Jun 24th, 2014;PCIe 3.0 x16;4 GB, GDDR5, 512 bit;1000 MHz;1350 MHz;2816 / 176 / 64
1968;Radeon R9 295X2;Vesuvius;Apr 29th, 2014;PCIe 3.0 x16;4 GB, GDDR5, 512 bit;1018 MHz;1250 MHz;2816 / 176 / 64
1969;Radeon R9 M275;Venus;Jan 28th, 2014;PCIe 3.0 x16;2 GB, GDDR5, 128 bit;900 MHz;1000 MHz;640 / 40 / 16
1970;Radeon R9 M275X;Venus;Jan 28th, 2014;PCIe 3.0 x16;2 GB, GDDR5, 128 bit;900 MHz;1125 MHz;640 / 40 / 16
1971;Radeon R9 M290X;Neptune;Jan 9th, 2014;PCIe 3.0 x16;4 GB, GDDR5, 256 bit;850 MHz;1200 MHz;1280 / 80 / 32
1972;Radeon R9 M290X Mac Edition;Pitcairn;Nov 23rd, 2014;PCIe 3.0 x16;2 GB, GDDR5, 256 bit;850 MHz;1365 MHz;1024 / 64 / 32
1973;Radeon R9 M295X;Amethyst;Nov 23rd, 2014;MXM-B (3.0);4 GB, GDDR5, 256 bit;723 MHz;1250 MHz;2048 / 128 / 32
1974;Radeon R9 M295X Mac Edition;Amethyst;Nov 23rd, 2014;MXM-B (3.0);4 GB, GDDR5, 256 bit;850 MHz;1362 MHz;2048 / 128 / 32
1975;GeForce GTX 660 Rev. 2;GK104;Sep 13th, 2014;PCIe 3.0 x16;2 GB, GDDR5, 192 bit;980 MHz;1502 MHz;960 / 80 / 24
1976;GeForce GTX 750;GM107;Feb 18th, 2014;PCIe 3.0 x16;1024 MB, GDDR5, 128 bit;1020 MHz;1253 MHz;512 / 32 / 16
1977;GeForce GTX 750 Ti;GM107;Feb 18th, 2014;PCIe 3.0 x16;2 GB, GDDR5, 128 bit;1020 MHz;1350 MHz;640 / 40 / 16
1978;GeForce GTX 850A;GM107;Mar 17th, 2014;PCIe 3.0 x16;2 GB, DDR3, 128 bit;902 MHz;900 MHz;640 / 40 / 16
1979;GeForce GTX 850M;GM107;Mar 12th, 2014;PCIe 3.0 x16;2 GB, DDR3, 128 bit;902 MHz;1001 MHz;640 / 40 / 16
1980;GeForce GTX 860M;GK104;Mar 10th, 2014;PCIe 3.0 x16;2 GB, GDDR5, 128 bit;797 MHz;1250 MHz;1152 / 96 / 16
1981;GeForce GTX 860M;GM107;Jan 13th, 2014;MXM-B (3.0);2 GB, GDDR5, 128 bit;1020 MHz;1253 MHz;640 / 40 / 16
1982;GeForce GTX 870M;GK104;Mar 12th, 2014;MXM-B (3.0);3 GB, GDDR5, 192 bit;941 MHz;1250 MHz;1344 / 112 / 24
1983;GeForce GTX 880M;GK104;Mar 12th, 2014;MXM-B (3.0);8 GB, GDDR5, 256 bit;954 MHz;1250 MHz;1536 / 128 / 32
1984;GeForce GTX 970M;GM204;Oct 7th, 2014;MXM-B (3.0);6 GB, GDDR5, 192 bit;924 MHz;1253 MHz;1280 / 80 / 48
1985;GeForce GTX 970M;GM204;Oct 7th, 2014;MXM-B (3.0);3 GB, GDDR5, 192 bit;924 MHz;1253 MHz;1280 / 80 / 48
1986;Quadro K2200;GM107;Jul 22nd, 2014;PCIe 2.0 x16;4 GB, GDDR5, 128 bit;1046 MHz;1253 MHz;640 / 40 / 16
1987;Quadro K2200M;GM107;Jul 19th, 2014;MXM-A (3.0);2 GB, GDDR5, 128 bit;1150 MHz;1253 MHz;640 / 40 / 16
1988;Quadro K4200;GK104;Jul 22nd, 2014;PCIe 2.0 x16;4 GB, GDDR5, 256 bit;771 MHz;1350 MHz;1344 / 112 / 32
1989;Quadro K5200;GK110B;Jul 22nd, 2014;PCIe 3.0 x16;8 GB, GDDR5, 256 bit;667 MHz;1502 MHz;2304 / 192 / 48
1990;Quadro K620;GM107;Jul 22nd, 2014;PCIe 2.0 x16;2 GB, DDR3, 128 bit;1058 MHz;900 MHz;384 / 24 / 16
1991;No graphics cards found. Please change your search criteria.;;;;;;;
1992;No graphics cards found. Please change your search criteria.;;;;;;;
1993;FirePro S9170;Hawaii;Jul 8th, 2015;PCIe 3.0 x16;32 GB, GDDR5, 512 bit;930 MHz;1250 MHz;2816 / 176 / 64
1994;GRID M6-8Q;GM204;Aug 30th, 2015;PCIe 3.0 x16;8 GB, GDDR5, 256 bit;722 MHz;1253 MHz;1536 / 96 / 64
1995;GRID M60-1Q;GM204;Aug 30th, 2015;PCIe 3.0 x16;1024 MB, GDDR5, 256 bit;557 MHz;1253 MHz;2048 / 128 / 64
1996;GRID M60-2Q;GM204;Aug 30th, 2015;PCIe 3.0 x16;2 GB, GDDR5, 256 bit;557 MHz;1253 MHz;2048 / 128 / 64
1997;GRID M60-4A;GM204;Aug 30th, 2015;PCIe 3.0 x16;4 GB, GDDR5, 256 bit;557 MHz;1253 MHz;2048 / 128 / 64
1998;GRID M60-8Q;GM204;Aug 30th, 2015;PCIe 3.0 x16;8 GB, GDDR5, 256 bit;557 MHz;1253 MHz;2048 / 128 / 64
1999;GeForce GT 710 OEM;GK208B;Apr 9th, 2015;PCIe 2.0 x8;1024 MB, DDR3, 64 bit;797 MHz;900 MHz;192 / 16 / 8
2000;GeForce GT 740 OEM;GK106;Apr 14th, 2015;PCIe 3.0 x16;1024 MB, GDDR5, 128 bit;1050 MHz;1253 MHz;384 / 32 / 16
2001;GeForce GT 740 OEM;GK106;Apr 14th, 2015;PCIe 3.0 x16;1024 MB, GDDR5, 128 bit;1006 MHz;1253 MHz;384 / 32 / 16
2002;GeForce GTX 960 OEM;GM206;Nov 26th, 2015;PCIe 3.0 x16;4 GB, GDDR5, 128 bit;1176 MHz;1753 MHz;1024 / 64 / 32
2003;Tesla M4;GM206;Nov 10th, 2015;PCIe 3.0 x16;4 GB, GDDR5, 128 bit;872 MHz;1375 MHz;1024 / 64 / 32
2004;Tesla M40;GM200;Nov 10th, 2015;PCIe 3.0 x16;12 GB, GDDR5, 384 bit;948 MHz;1502 MHz;3072 / 192 / 96
2005;Tesla M40 24 GB;GM200;Nov 10th, 2015;PCIe 3.0 x16;24 GB, GDDR5, 384 bit;948 MHz;1502 MHz;3072 / 192 / 96
2006;Tesla M6;GM204;Aug 30th, 2015;PCIe 3.0 x16;8 GB, GDDR5, 256 bit;930 MHz;1253 MHz;1536 / 96 / 64
2007;Tesla M60;GM204;Aug 30th, 2015;PCIe 3.0 x16;8 GB, GDDR5, 256 bit;557 MHz;1253 MHz;2048 / 128 / 64
2008;Radeon E8950;Amethyst;Sep 29th, 2015;MXM-B (3.0);8 GB, GDDR5, 256 bit;735 MHz;1500 MHz;2048 / 128 / 32
2009;Radeon R2 Mobile Graphics;Beema;Jan 28th, 2015;IGP;System Shared;300 MHz;System Shared;128 / 8 / 4
2010;Radeon R3E Mobile Graphics;Beema;Jan 28th, 2015;IGP;System Shared;351 MHz;System Shared;128 / 8 / 4
2011;Radeon R9 390;Grenada;Jun 18th, 2015;PCIe 3.0 x16;8 GB, GDDR5, 512 bit;1000 MHz;1500 MHz;2560 / 160 / 64
2012;Radeon R9 390 X2;Grenada;Sep 3rd, 2015;PCIe 3.0 x16;8 GB, GDDR5, 512 bit;1000 MHz;1350 MHz;2560 / 160 / 64
2013;Radeon R9 390X;Grenada;Jun 18th, 2015;PCIe 3.0 x16;8 GB, GDDR5, 512 bit;1050 MHz;1500 MHz;2816 / 176 / 64
2014;Radeon R9 FURY;Fiji;Jul 10th, 2015;PCIe 3.0 x16;4 GB, HBM, 4096 bit;1000 MHz;500 MHz;3584 / 224 / 64
2015;HD Graphics;Braswell GT1;Apr 1st, 2015;Ring Bus;System Shared;500 MHz;System Shared;96 / 12 / 2
2016;HD Graphics 400;Braswell GT1;Apr 1st, 2015;Ring Bus;System Shared;320 MHz;System Shared;96 / 12 / 2
2017;GeForce GTX 980 Mobile;GM204;Sep 21st, 2015;MXM-B (3.0);8 GB, GDDR5, 256 bit;1064 MHz;1753 MHz;2048 / 128 / 64
2018;Quadro M4000M;GM204;Aug 18th, 2015;PCIe 3.0 x16;4 GB, GDDR5, 256 bit;975 MHz;1253 MHz;1280 / 80 / 64
2019;Quadro M5000;GM204;Jun 29th, 2015;PCIe 3.0 x16;8 GB, GDDR5, 256 bit;861 MHz;1653 MHz;2048 / 128 / 64
2020;Quadro M5000M;GM204;Aug 18th, 2015;MXM-B (3.0);8 GB, GDDR5, 256 bit;962 MHz;1253 MHz;1536 / 96 / 64
2021;FirePro W4170M;Opal;Apr 23rd, 2015;PCIe 3.0 x8;2 GB, GDDR5, 128 bit;825 MHz;1000 MHz;384 / 24 / 8
2022;FirePro W4190M;Opal;Nov 12th, 2015;PCIe 3.0 x8;2 GB, GDDR5, 128 bit;825 MHz;1000 MHz;384 / 24 / 8
2023;FirePro W4300;Bonaire;Dec 1st, 2015;PCIe 3.0 x16;4 GB, GDDR5, 128 bit;930 MHz;1500 MHz;768 / 48 / 16
2024;FirePro W5130M;Tropo;Oct 2nd, 2015;PCIe 3.0 x16;2 GB, GDDR5, 128 bit;900 MHz;1000 MHz;512 / 32 / 16
2025;FirePro W6150M;Saturn;Nov 12th, 2015;MXM-B (3.0);4 GB, GDDR5, 128 bit;1075 MHz;1375 MHz;768 / 48 / 16
2026;FirePro W7170M;Amethyst;Oct 2nd, 2015;PCIe 3.0 x16;4 GB, GDDR5, 256 bit;723 MHz;1250 MHz;2048 / 128 / 32
2027;Radeon E6465;Caicos;Sep 29th, 2015;PCIe 2.0 x16;2 GB, GDDR5, 64 bit;600 MHz;800 MHz;160 / 8 / 4
2028;Radeon E8870;Saturn;Sep 29th, 2015;MXM-B (3.0);4 GB, GDDR5, 128 bit;1000 MHz;1500 MHz;768 / 48 / 16
2029;Radeon R5 310 OEM;Caicos;May 5th, 2015;PCIe 2.0 x16;1024 MB, DDR3, 64 bit;875 MHz;900 MHz;160 / 8 / 4
2030;Radeon R5 310 OEM;Caicos;May 5th, 2015;PCIe 2.0 x16;2 GB, DDR3, 64 bit;775 MHz;805 MHz;160 / 8 / 4
2031;Radeon R5 330 OEM;Exo;May 5th, 2015;PCIe 3.0 x8;2 GB, DDR3, 64 bit;830 MHz;900 MHz;320 / 20 / 8
2032;Radeon R5 340 OEM;Oland;May 5th, 2015;PCIe 3.0 x8;1024 MB, GDDR5, 64 bit;730 MHz;1150 MHz;384 / 24 / 8
2033;Radeon R5 340X OEM;Oland;May 5th, 2015;PCIe 3.0 x8;2 GB, DDR3, 64 bit;900 MHz;1000 MHz;384 / 24 / 8
2034;Radeon R5 A330;Exo;Oct 21st, 2015;PCIe 3.0 x8;2 GB, DDR3, 64 bit;1030 MHz;900 MHz;320 / 20 / 8
2035;Radeon R5 A335;Exo;Oct 21st, 2015;PCIe 3.0 x8;2 GB, DDR3, 64 bit;1070 MHz;900 MHz;320 / 20 / 8
2036;Radeon R5 M315;Meso;May 5th, 2015;PCIe 3.0 x8;2 GB, DDR3, 64 bit;970 MHz;900 MHz;384 / 24 / 8
2037;Radeon R5 M320;Jet;May 5th, 2015;PCIe 3.0 x8;4 GB, DDR3, 64 bit;780 MHz;1000 MHz;320 / 20 / 8
2038;Radeon R5 M330;Exo;May 5th, 2015;PCIe 3.0 x8;2 GB, DDR3, 64 bit;955 MHz;900 MHz;320 / 20 / 8
2039;Radeon R5 M335;Exo;Oct 21st, 2015;PCIe 3.0 x8;2 GB, DDR3, 64 bit;1070 MHz;900 MHz;320 / 20 / 8
2040;Radeon R5 Mobile Graphics;Wani;Nov 7th, 2015;IGP;System Shared;200 MHz;System Shared;384 / 24 / 8
2041;Radeon R6 M335DX;Jet;Dec 12th, 2015;IGP;System Shared;955 MHz;System Shared;384 / 24 / 8
2042;Radeon R6 M340DX;Jet;Dec 12th, 2015;IGP;System Shared;955 MHz;System Shared;384 / 24 / 8
2043;Radeon R6 Mobile Graphics;Wani;Nov 7th, 2015;IGP;System Shared;200 MHz;System Shared;384 / 24 / 8
2044;Radeon R7 340 OEM;Oland;May 5th, 2015;PCIe 3.0 x8;2 GB, DDR3, 128 bit;730 MHz;900 MHz;384 / 24 / 8
2045;Radeon R7 340 OEM;Oland;May 5th, 2015;PCIe 3.0 x8;2 GB, GDDR5, 128 bit;730 MHz;1000 MHz;384 / 24 / 8
2046;Radeon R7 350 OEM;Oland;May 5th, 2015;PCIe 3.0 x8;2 GB, GDDR5, 128 bit;1000 MHz;1150 MHz;384 / 24 / 8
2047;Radeon R7 350X OEM;Oland;May 5th, 2015;PCIe 3.0 x8;4 GB, DDR3, 128 bit;1000 MHz;1000 MHz;384 / 24 / 8
2048;Radeon R7 360;Tobago;Jun 18th, 2015;PCIe 3.0 x16;2 GB, GDDR5, 128 bit;1000 MHz;1500 MHz;768 / 48 / 16
2049;Radeon R7 360 896SP;Tobago;Jun 18th, 2015;PCIe 3.0 x16;2 GB, GDDR5, 128 bit;1100 MHz;1500 MHz;896 / 56 / 16
2050;Radeon R7 360E;Tobago;Dec 30th, 2015;PCIe 3.0 x16;2 GB, GDDR5, 128 bit;1050 MHz;1500 MHz;768 / 48 / 16
2051;Radeon R7 370;Trinidad;Jun 18th, 2015;PCIe 3.0 x16;2 GB, GDDR5, 256 bit;925 MHz;1400 MHz;1024 / 64 / 32
2052;Radeon R7 A360;Meso;May 5th, 2015;PCIe 3.0 x8;2 GB, DDR3, 64 bit;1100 MHz;900 MHz;384 / 24 / 8
2053;Radeon R7 M260X;Opal;Dec 6th, 2015;PCIe 3.0 x8;1024 MB, GDDR5, 128 bit;620 MHz;1000 MHz;384 / 24 / 8
2054;Radeon R7 M340;Opal;Dec 6th, 2015;PCIe 3.0 x8;1024 MB, DDR3, 64 bit;620 MHz;1000 MHz;384 / 24 / 8
2055;Radeon R7 M340;Meso;May 5th, 2015;PCIe 3.0 x8;2 GB, DDR3, 64 bit;943 MHz;1000 MHz;320 / 20 / 8
2056;Radeon R7 M350;Meso;May 5th, 2015;PCIe 3.0 x8;4 GB, DDR3, 64 bit;1000 MHz;1000 MHz;384 / 24 / 8
2057;Radeon R7 M360;Meso;May 5th, 2015;PCIe 3.0 x8;2 GB, DDR3, 64 bit;1100 MHz;900 MHz;384 / 24 / 8
2058;Radeon R7 M365X;Litho;May 5th, 2015;PCIe 3.0 x8;1024 MB, GDDR5, 128 bit;900 MHz;1000 MHz;384 / 24 / 8
2059;Radeon R7 M370;Litho;May 5th, 2015;PCIe 3.0 x8;4 GB, GDDR5, 128 bit;900 MHz;1150 MHz;384 / 24 / 8
2060;Radeon R7 M380;Tropo;May 5th, 2015;PCIe 3.0 x16;4 GB, DDR3, 128 bit;900 MHz;1000 MHz;640 / 40 / 16
2061;Radeon R7 Mobile Graphics;Wani;Nov 15th, 2015;IGP;System Shared;200 MHz;System Shared;512 / 32 / 8
2062;Radeon R8 M350DX;Jet;Dec 12th, 2015;IGP;System Shared;955 MHz;System Shared;384 / 24 / 8
2063;Radeon R8 M365DX;Meso;Jun 3rd, 2015;IGP;System Shared;900 MHz;System Shared;384 / 24 / 8
2064;Radeon R9 360 OEM;Tobago;May 5th, 2015;PCIe 3.0 x16;2 GB, GDDR5, 128 bit;1000 MHz;1625 MHz;768 / 48 / 16
2065;Radeon R9 370;Trinidad;May 5th, 2015;PCIe 3.0 x16;2 GB, GDDR5, 256 bit;925 MHz;1400 MHz;1280 / 80 / 32
2066;Radeon R9 370 1024SP;Trinidad;Jun 12th, 2015;PCIe 3.0 x16;2 GB, GDDR5, 256 bit;925 MHz;1400 MHz;1024 / 64 / 32
2067;Radeon R9 370X;Trinidad;Aug 27th, 2015;PCIe 3.0 x16;2 GB, GDDR5, 256 bit;980 MHz;1400 MHz;1280 / 80 / 32
2068;Radeon R9 380;Antigua;Jun 18th, 2015;PCIe 3.0 x16;2 GB, GDDR5, 256 bit;970 MHz;1375 MHz;1792 / 112 / 32
2069;Radeon R9 380 OEM;Antigua;May 5th, 2015;PCIe 3.0 x16;4 GB, GDDR5, 256 bit;918 MHz;1375 MHz;1792 / 112 / 32
2070;Radeon R9 380X;Antigua;Nov 19th, 2015;PCIe 3.0 x16;4 GB, GDDR5, 256 bit;970 MHz;1425 MHz;2048 / 128 / 32
2071;Radeon R9 FURY X;Fiji;Jun 24th, 2015;PCIe 3.0 x16;4 GB, HBM, 4096 bit;1050 MHz;500 MHz;4096 / 256 / 64
2072;Radeon R9 M360;Tropo;May 5th, 2015;PCIe 3.0 x16;4 GB, GDDR5, 128 bit;900 MHz;1125 MHz;512 / 32 / 16
2073;Radeon R9 M365X;Tropo;May 5th, 2015;PCIe 3.0 x16;4 GB, GDDR5, 128 bit;900 MHz;1125 MHz;640 / 40 / 16
2074;Radeon R9 M370X Mac Edition;Tropo;May 5th, 2015;PCIe 3.0 x16;2 GB, GDDR5, 128 bit;775 MHz;1125 MHz;640 / 40 / 16
2075;Radeon R9 M375;Tropo;May 5th, 2015;PCIe 3.0 x16;2 GB, DDR3, 128 bit;1000 MHz;900 MHz;640 / 40 / 16
2076;Radeon R9 M375X;Tropo;May 5th, 2015;PCIe 3.0 x16;2 GB, GDDR5, 128 bit;925 MHz;1125 MHz;640 / 40 / 16
2077;Radeon R9 M380;Strato;May 5th, 2015;PCIe 3.0 x16;4 GB, GDDR5, 128 bit;900 MHz;1500 MHz;768 / 48 / 16
2078;Radeon R9 M380 Mac Edition;Strato;May 5th, 2015;PCIe 3.0 x16;2 GB, GDDR5, 128 bit;900 MHz;1568 MHz;768 / 48 / 16
2079;Radeon R9 M385;Strato;May 5th, 2015;PCIe 3.0 x16;4 GB, GDDR5, 128 bit;900 MHz;1200 MHz;896 / 56 / 16
2080;Radeon R9 M385X;Strato;May 5th, 2015;PCIe 3.0 x16;4 GB, GDDR5, 128 bit;1000 MHz;1200 MHz;896 / 56 / 16
2081;Radeon R9 M390 Mac Edition;Pitcairn;May 5th, 2015;PCIe 3.0 x16;2 GB, GDDR5, 256 bit;958 MHz;1365 MHz;1024 / 64 / 32
2082;Radeon R9 M390X;Amethyst;May 5th, 2015;PCIe 3.0 x16;4 GB, GDDR5, 256 bit;723 MHz;1250 MHz;2048 / 128 / 32
2083;Radeon R9 M395 Mac Edition;Amethyst;May 5th, 2015;MXM-B (3.0);2 GB, GDDR5, 256 bit;834 MHz;1365 MHz;1792 / 112 / 32
2084;Radeon R9 M395X;Amethyst;May 5th, 2015;PCIe 3.0 x16;8 GB, GDDR5, 256 bit;723 MHz;1250 MHz;2048 / 128 / 32
2085;Radeon R9 M395X Mac Edition;Amethyst;May 5th, 2015;MXM-B (3.0);4 GB, GDDR5, 256 bit;909 MHz;1365 MHz;2048 / 128 / 32
2086;Radeon R9 Nano;Fiji;Aug 27th, 2015;PCIe 3.0 x16;4 GB, HBM, 4096 bit;1000 MHz;500 MHz;4096 / 256 / 64
2087;HD Graphics 405;Braswell GT1;Apr 1st, 2015;Ring Bus;System Shared;200 MHz;System Shared;128 / 16 / 2
2088;HD Graphics 500;Apollo Lake GT1;Sep 1st, 2015;Ring Bus;System Shared;200 MHz;System Shared;96 / 12 / 2
2089;HD Graphics 510;Skylake GT1;Sep 1st, 2015;Ring Bus;System Shared;350 MHz;System Shared;96 / 12 / 2
2090;HD Graphics 510;Skylake GT1;Sep 1st, 2015;Ring Bus;System Shared;300 MHz;System Shared;96 / 12 / 3
2091;HD Graphics 515;Skylake GT2;Sep 1st, 2015;Ring Bus;System Shared;300 MHz;System Shared;192 / 24 / 3
2092;HD Graphics 520;Skylake GT2;Sep 1st, 2015;Ring Bus;System Shared;300 MHz;System Shared;192 / 24 / 3
2093;HD Graphics 530;Skylake GT2;Sep 1st, 2015;Ring Bus;System Shared;350 MHz;System Shared;192 / 24 / 3
2094;HD Graphics 530;Skylake GT2;Sep 1st, 2015;Ring Bus;System Shared;350 MHz;System Shared;192 / 24 / 3
2095;HD Graphics P530;Skylake GT2;Sep 1st, 2015;Ring Bus;System Shared;350 MHz;System Shared;192 / 16 / 3
2096;Iris Graphics 540;Skylake GT3e;Sep 1st, 2015;Ring Bus;System Shared;300 MHz;System Shared;384 / 48 / 6
2097;Iris Graphics 550;Skylake GT3e;Sep 1st, 2015;Ring Bus;System Shared;300 MHz;System Shared;384 / 48 / 6
2098;Iris Pro Graphics 580;Skylake GT4e;Sep 1st, 2015;Ring Bus;System Shared;350 MHz;System Shared;576 / 72 / 9
2099;Iris Pro Graphics P555;Skylake GT3e;Sep 1st, 2015;Ring Bus;System Shared;350 MHz;System Shared;384 / 48 / 6
2100;Iris Pro Graphics P580;Skylake GT4e;Sep 1st, 2015;Ring Bus;System Shared;350 MHz;System Shared;576 / 72 / 9
2101;Iris Pro Graphics P580;Skylake GT4e;Sep 1st, 2015;Ring Bus;System Shared;350 MHz;System Shared;576 / 72 / 9
2102;GeForce 810M;GK107;Mar 21st, 2015;PCIe 3.0 x16;2 GB, DDR3, 64 bit;835 MHz;900 MHz;384 / 32 / 16
2103;GeForce 820M;GK107;Mar 21st, 2015;PCIe 3.0 x16;2 GB, DDR3, 128 bit;810 MHz;901 MHz;384 / 32 / 16
2104;GeForce 845M;GM108;Aug 26th, 2015;PCIe 3.0 x8;2 GB, GDDR5, 64 bit;1071 MHz;1253 MHz;384 / 32 / 16
2105;GeForce 930A;GM108;Mar 13th, 2015;PCIe 3.0 x8;2 GB, DDR3, 64 bit;928 MHz;1001 MHz;384 / 24 / 8
2106;GeForce 945M;GM107;Oct 27th, 2015;MXM-B (3.0);2 GB, DDR3, 128 bit;928 MHz;900 MHz;640 / 40 / 16
2107;GeForce GT 730 OEM;GK107;Apr 9th, 2015;PCIe 3.0 x16;1024 MB, GDDR5, 64 bit;902 MHz;1253 MHz;384 / 32 / 8
2108;GeForce GTX 750 GM206;GM206;Nov 17th, 2015;PCIe 3.0 x16;2 GB, GDDR5, 128 bit;1087 MHz;1253 MHz;512 / 32 / 32
2109;GeForce GTX 950;GM206;Aug 20th, 2015;PCIe 3.0 x16;2 GB, GDDR5, 128 bit;1024 MHz;1653 MHz;768 / 48 / 32
2110;GeForce GTX 950M;GM107;Mar 13th, 2015;PCIe 3.0 x8;4 GB, DDR3, 128 bit;993 MHz;900 MHz;640 / 40 / 16
2111;GeForce GTX 960 OEM;GM204;Nov 26th, 2015;PCIe 3.0 x16;3 GB, GDDR5, 192 bit;924 MHz;1253 MHz;1280 / 80 / 48
2112;GeForce GTX 960M;GM107;Mar 13th, 2015;MXM-B (3.0);4 GB, GDDR5, 128 bit;1097 MHz;1253 MHz;640 / 40 / 16
2113;GeForce GTX 980 Ti;GM200;Jun 2nd, 2015;PCIe 3.0 x16;6 GB, GDDR5, 384 bit;1000 MHz;1753 MHz;2816 / 176 / 96
2114;GeForce GTX TITAN X;GM200;Mar 17th, 2015;PCIe 3.0 x16;12 GB, GDDR5, 384 bit;1000 MHz;1753 MHz;3072 / 192 / 96
2115;NVS 810;GM107;Nov 4th, 2015;PCIe 3.0 x16;2 GB, DDR3, 64 bit;902 MHz;900 MHz;512 / 32 / 16
2116;Quadro M1000M;GM107;Aug 18th, 2015;MXM-A (3.0);2 GB, GDDR5, 128 bit;993 MHz;1253 MHz;512 / 32 / 16
2117;Quadro M2000M;GM107;Dec 3rd, 2015;MXM-A (3.0);4 GB, GDDR5, 128 bit;1098 MHz;1253 MHz;640 / 40 / 16
2118;Quadro M3000M;GM204;Aug 18th, 2015;PCIe 3.0 x16;4 GB, GDDR5, 256 bit;823 MHz;1253 MHz;1024 / 64 / 32
2119;Quadro M4000;GM204;Jun 29th, 2015;PCIe 3.0 x16;8 GB, GDDR5, 256 bit;773 MHz;1502 MHz;1664 / 104 / 64
2120;Quadro M6000;GM200;Mar 21st, 2015;PCIe 3.0 x16;12 GB, GDDR5, 384 bit;988 MHz;1653 MHz;3072 / 192 / 96
2121;Quadro M600M;GM107;Aug 18th, 2015;MXM-A (3.0);2 GB, GDDR5, 128 bit;837 MHz;1253 MHz;384 / 16 / 8
2122;FirePro W4170M;Opal;Apr 23rd, 2015;PCIe 3.0 x8;2 GB, GDDR5, 128 bit;825 MHz;1000 MHz;384 / 24 / 8
2123;FirePro W4190M;Opal;Nov 12th, 2015;PCIe 3.0 x8;2 GB, GDDR5, 128 bit;825 MHz;1000 MHz;384 / 24 / 8
2124;FirePro W4300;Bonaire;Dec 1st, 2015;PCIe 3.0 x16;4 GB, GDDR5, 128 bit;930 MHz;1500 MHz;768 / 48 / 16
2125;FirePro W5130M;Tropo;Oct 2nd, 2015;PCIe 3.0 x16;2 GB, GDDR5, 128 bit;900 MHz;1000 MHz;512 / 32 / 16
2126;FirePro W6150M;Saturn;Nov 12th, 2015;MXM-B (3.0);4 GB, GDDR5, 128 bit;1075 MHz;1375 MHz;768 / 48 / 16
2127;FirePro W7170M;Amethyst;Oct 2nd, 2015;PCIe 3.0 x16;4 GB, GDDR5, 256 bit;723 MHz;1250 MHz;2048 / 128 / 32
2128;Radeon E8870;Saturn;Sep 29th, 2015;MXM-B (3.0);4 GB, GDDR5, 128 bit;1000 MHz;1500 MHz;768 / 48 / 16
2129;Radeon R5 330 OEM;Exo;May 5th, 2015;PCIe 3.0 x8;2 GB, DDR3, 64 bit;830 MHz;900 MHz;320 / 20 / 8
2130;Radeon R5 340 OEM;Oland;May 5th, 2015;PCIe 3.0 x8;1024 MB, GDDR5, 64 bit;730 MHz;1150 MHz;384 / 24 / 8
2131;Radeon R5 340X OEM;Oland;May 5th, 2015;PCIe 3.0 x8;2 GB, DDR3, 64 bit;900 MHz;1000 MHz;384 / 24 / 8
2132;Radeon R5 A330;Exo;Oct 21st, 2015;PCIe 3.0 x8;2 GB, DDR3, 64 bit;1030 MHz;900 MHz;320 / 20 / 8
2133;Radeon R5 A335;Exo;Oct 21st, 2015;PCIe 3.0 x8;2 GB, DDR3, 64 bit;1070 MHz;900 MHz;320 / 20 / 8
2134;Radeon R5 M315;Meso;May 5th, 2015;PCIe 3.0 x8;2 GB, DDR3, 64 bit;970 MHz;900 MHz;384 / 24 / 8
2135;Radeon R5 M320;Jet;May 5th, 2015;PCIe 3.0 x8;4 GB, DDR3, 64 bit;780 MHz;1000 MHz;320 / 20 / 8
2136;Radeon R5 M330;Exo;May 5th, 2015;PCIe 3.0 x8;2 GB, DDR3, 64 bit;955 MHz;900 MHz;320 / 20 / 8
2137;Radeon R5 M335;Exo;Oct 21st, 2015;PCIe 3.0 x8;2 GB, DDR3, 64 bit;1070 MHz;900 MHz;320 / 20 / 8
2138;Radeon R5 Mobile Graphics;Wani;Nov 7th, 2015;IGP;System Shared;200 MHz;System Shared;384 / 24 / 8
2139;Radeon R6 M335DX;Jet;Dec 12th, 2015;IGP;System Shared;955 MHz;System Shared;384 / 24 / 8
2140;Radeon R6 M340DX;Jet;Dec 12th, 2015;IGP;System Shared;955 MHz;System Shared;384 / 24 / 8
2141;Radeon R6 Mobile Graphics;Wani;Nov 7th, 2015;IGP;System Shared;200 MHz;System Shared;384 / 24 / 8
2142;Radeon R7 340 OEM;Oland;May 5th, 2015;PCIe 3.0 x8;2 GB, DDR3, 128 bit;730 MHz;900 MHz;384 / 24 / 8
2143;Radeon R7 340 OEM;Oland;May 5th, 2015;PCIe 3.0 x8;2 GB, GDDR5, 128 bit;730 MHz;1000 MHz;384 / 24 / 8
2144;Radeon R7 350 OEM;Oland;May 5th, 2015;PCIe 3.0 x8;2 GB, GDDR5, 128 bit;1000 MHz;1150 MHz;384 / 24 / 8
2145;Radeon R7 350X OEM;Oland;May 5th, 2015;PCIe 3.0 x8;4 GB, DDR3, 128 bit;1000 MHz;1000 MHz;384 / 24 / 8
2146;Radeon R7 360;Tobago;Jun 18th, 2015;PCIe 3.0 x16;2 GB, GDDR5, 128 bit;1000 MHz;1500 MHz;768 / 48 / 16
2147;Radeon R7 360 896SP;Tobago;Jun 18th, 2015;PCIe 3.0 x16;2 GB, GDDR5, 128 bit;1100 MHz;1500 MHz;896 / 56 / 16
2148;Radeon R7 360E;Tobago;Dec 30th, 2015;PCIe 3.0 x16;2 GB, GDDR5, 128 bit;1050 MHz;1500 MHz;768 / 48 / 16
2149;Radeon R7 370;Trinidad;Jun 18th, 2015;PCIe 3.0 x16;2 GB, GDDR5, 256 bit;925 MHz;1400 MHz;1024 / 64 / 32
2150;Radeon R7 A360;Meso;May 5th, 2015;PCIe 3.0 x8;2 GB, DDR3, 64 bit;1100 MHz;900 MHz;384 / 24 / 8
2151;Radeon R7 M260X;Opal;Dec 6th, 2015;PCIe 3.0 x8;1024 MB, GDDR5, 128 bit;620 MHz;1000 MHz;384 / 24 / 8
2152;Radeon R7 M340;Meso;May 5th, 2015;PCIe 3.0 x8;2 GB, DDR3, 64 bit;943 MHz;1000 MHz;320 / 20 / 8
2153;Radeon R7 M340;Opal;Dec 6th, 2015;PCIe 3.0 x8;1024 MB, DDR3, 64 bit;620 MHz;1000 MHz;384 / 24 / 8
2154;Radeon R7 M350;Meso;May 5th, 2015;PCIe 3.0 x8;4 GB, DDR3, 64 bit;1000 MHz;1000 MHz;384 / 24 / 8
2155;Radeon R7 M360;Meso;May 5th, 2015;PCIe 3.0 x8;2 GB, DDR3, 64 bit;1100 MHz;900 MHz;384 / 24 / 8
2156;Radeon R7 M365X;Litho;May 5th, 2015;PCIe 3.0 x8;1024 MB, GDDR5, 128 bit;900 MHz;1000 MHz;384 / 24 / 8
2157;Radeon R7 M370;Litho;May 5th, 2015;PCIe 3.0 x8;4 GB, GDDR5, 128 bit;900 MHz;1150 MHz;384 / 24 / 8
2158;Radeon R7 M380;Tropo;May 5th, 2015;PCIe 3.0 x16;4 GB, DDR3, 128 bit;900 MHz;1000 MHz;640 / 40 / 16
2159;Radeon R7 Mobile Graphics;Wani;Nov 15th, 2015;IGP;System Shared;200 MHz;System Shared;512 / 32 / 8
2160;Radeon R8 M350DX;Jet;Dec 12th, 2015;IGP;System Shared;955 MHz;System Shared;384 / 24 / 8
2161;Radeon R8 M365DX;Meso;Jun 3rd, 2015;IGP;System Shared;900 MHz;System Shared;384 / 24 / 8
2162;Radeon R9 270 1024SP;Pitcairn;Mar 13th, 2015;PCIe 3.0 x16;2 GB, GDDR5, 256 bit;900 MHz;1200 MHz;1024 / 64 / 32
2163;Radeon R9 360 OEM;Tobago;May 5th, 2015;PCIe 3.0 x16;2 GB, GDDR5, 128 bit;1000 MHz;1625 MHz;768 / 48 / 16
2164;Radeon R9 370;Trinidad;May 5th, 2015;PCIe 3.0 x16;2 GB, GDDR5, 256 bit;925 MHz;1400 MHz;1280 / 80 / 32
2165;Radeon R9 370 1024SP;Trinidad;Jun 12th, 2015;PCIe 3.0 x16;2 GB, GDDR5, 256 bit;925 MHz;1400 MHz;1024 / 64 / 32
2166;Radeon R9 370X;Trinidad;Aug 27th, 2015;PCIe 3.0 x16;2 GB, GDDR5, 256 bit;980 MHz;1400 MHz;1280 / 80 / 32
2167;Radeon R9 380;Antigua;Jun 18th, 2015;PCIe 3.0 x16;2 GB, GDDR5, 256 bit;970 MHz;1375 MHz;1792 / 112 / 32
2168;Radeon R9 380 OEM;Antigua;May 5th, 2015;PCIe 3.0 x16;4 GB, GDDR5, 256 bit;918 MHz;1375 MHz;1792 / 112 / 32
2169;Radeon R9 380X;Antigua;Nov 19th, 2015;PCIe 3.0 x16;4 GB, GDDR5, 256 bit;970 MHz;1425 MHz;2048 / 128 / 32
2170;Radeon R9 FURY X;Fiji;Jun 24th, 2015;PCIe 3.0 x16;4 GB, HBM, 4096 bit;1050 MHz;500 MHz;4096 / 256 / 64
2171;Radeon R9 M360;Tropo;May 5th, 2015;PCIe 3.0 x16;4 GB, GDDR5, 128 bit;900 MHz;1125 MHz;512 / 32 / 16
2172;Radeon R9 M365X;Tropo;May 5th, 2015;PCIe 3.0 x16;4 GB, GDDR5, 128 bit;900 MHz;1125 MHz;640 / 40 / 16
2173;Radeon R9 M370X Mac Edition;Tropo;May 5th, 2015;PCIe 3.0 x16;2 GB, GDDR5, 128 bit;775 MHz;1125 MHz;640 / 40 / 16
2174;Radeon R9 M375;Tropo;May 5th, 2015;PCIe 3.0 x16;2 GB, DDR3, 128 bit;1000 MHz;900 MHz;640 / 40 / 16
2175;Radeon R9 M375X;Tropo;May 5th, 2015;PCIe 3.0 x16;2 GB, GDDR5, 128 bit;925 MHz;1125 MHz;640 / 40 / 16
2176;Radeon R9 M380;Strato;May 5th, 2015;PCIe 3.0 x16;4 GB, GDDR5, 128 bit;900 MHz;1500 MHz;768 / 48 / 16
2177;Radeon R9 M380 Mac Edition;Strato;May 5th, 2015;PCIe 3.0 x16;2 GB, GDDR5, 128 bit;900 MHz;1568 MHz;768 / 48 / 16
2178;Radeon R9 M385;Strato;May 5th, 2015;PCIe 3.0 x16;4 GB, GDDR5, 128 bit;900 MHz;1200 MHz;896 / 56 / 16
2179;Radeon R9 M385X;Strato;May 5th, 2015;PCIe 3.0 x16;4 GB, GDDR5, 128 bit;1000 MHz;1200 MHz;896 / 56 / 16
2180;Radeon R9 M390 Mac Edition;Pitcairn;May 5th, 2015;PCIe 3.0 x16;2 GB, GDDR5, 256 bit;958 MHz;1365 MHz;1024 / 64 / 32
2181;Radeon R9 M390X;Amethyst;May 5th, 2015;PCIe 3.0 x16;4 GB, GDDR5, 256 bit;723 MHz;1250 MHz;2048 / 128 / 32
2182;Radeon R9 M395 Mac Edition;Amethyst;May 5th, 2015;MXM-B (3.0);2 GB, GDDR5, 256 bit;834 MHz;1365 MHz;1792 / 112 / 32
2183;Radeon R9 M395X;Amethyst;May 5th, 2015;PCIe 3.0 x16;8 GB, GDDR5, 256 bit;723 MHz;1250 MHz;2048 / 128 / 32
2184;Radeon R9 M395X Mac Edition;Amethyst;May 5th, 2015;MXM-B (3.0);4 GB, GDDR5, 256 bit;909 MHz;1365 MHz;2048 / 128 / 32
2185;Radeon R9 Nano;Fiji;Aug 27th, 2015;PCIe 3.0 x16;4 GB, HBM, 4096 bit;1000 MHz;500 MHz;4096 / 256 / 64
2186;Iris Graphics 540;Skylake GT3e;Sep 1st, 2015;Ring Bus;System Shared;300 MHz;System Shared;384 / 48 / 6
2187;Iris Graphics 550;Skylake GT3e;Sep 1st, 2015;Ring Bus;System Shared;300 MHz;System Shared;384 / 48 / 6
2188;Iris Pro Graphics 580;Skylake GT4e;Sep 1st, 2015;Ring Bus;System Shared;350 MHz;System Shared;576 / 72 / 9
2189;Iris Pro Graphics P555;Skylake GT3e;Sep 1st, 2015;Ring Bus;System Shared;350 MHz;System Shared;384 / 48 / 6
2190;Iris Pro Graphics P580;Skylake GT4e;Sep 1st, 2015;Ring Bus;System Shared;350 MHz;System Shared;576 / 72 / 9
2191;Iris Pro Graphics P580;Skylake GT4e;Sep 1st, 2015;Ring Bus;System Shared;350 MHz;System Shared;576 / 72 / 9
2192;GeForce 810M;GK107;Mar 21st, 2015;PCIe 3.0 x16;2 GB, DDR3, 64 bit;835 MHz;900 MHz;384 / 32 / 16
2193;GeForce 820M;GK107;Mar 21st, 2015;PCIe 3.0 x16;2 GB, DDR3, 128 bit;810 MHz;901 MHz;384 / 32 / 16
2194;GeForce 845M;GM108;Aug 26th, 2015;PCIe 3.0 x8;2 GB, GDDR5, 64 bit;1071 MHz;1253 MHz;384 / 32 / 16
2195;GeForce 910M;GK208B;Mar 13th, 2015;PCIe 3.0 x8;2 GB, DDR3, 64 bit;641 MHz;1001 MHz;384 / 32 / 8
2196;GeForce 920A;GK208B;Mar 13th, 2015;PCIe 3.0 x8;1024 MB, DDR3, 64 bit;954 MHz;1001 MHz;384 / 32 / 8
2197;GeForce 920M;GK208B;Mar 13th, 2015;PCIe 3.0 x8;2 GB, DDR3, 64 bit;954 MHz;900 MHz;384 / 32 / 8
2198;GeForce 930A;GM108;Mar 13th, 2015;PCIe 3.0 x8;2 GB, DDR3, 64 bit;928 MHz;1001 MHz;384 / 24 / 8
2199;GeForce 930M;GM108;Mar 13th, 2015;PCIe 3.0 x8;2 GB, DDR3, 64 bit;928 MHz;900 MHz;384 / 24 / 8
2200;GeForce 930M;GM108;Mar 13th, 2015;PCIe 3.0 x8;2 GB, DDR3, 64 bit;549 MHz;800 MHz;384 / 24 / 8
2201;GeForce 940A;GM108;Mar 13th, 2015;PCIe 3.0 x8;2 GB, DDR3, 64 bit;1072 MHz;1001 MHz;384 / 16 / 8
2202;GeForce 940A;GM108;Mar 13th, 2015;PCIe 3.0 x8;1024 MB, DDR3, 64 bit;1029 MHz;1001 MHz;384 / 16 / 8
2203;GeForce 940M;GM107;Mar 13th, 2015;MXM-B (3.0);2 GB, DDR3, 64 bit;1020 MHz;900 MHz;512 / 32 / 16
2204;GeForce 940M;GM108;Mar 13th, 2015;PCIe 3.0 x8;2 GB, DDR3, 64 bit;1072 MHz;900 MHz;384 / 24 / 8
2205;GeForce 945M;GM107;Oct 27th, 2015;MXM-B (3.0);2 GB, DDR3, 128 bit;928 MHz;900 MHz;640 / 40 / 16
2206;GeForce GT 730 OEM;GK107;Apr 9th, 2015;PCIe 3.0 x16;1024 MB, GDDR5, 64 bit;902 MHz;1253 MHz;384 / 32 / 8
2207;GeForce GTX 750 GM206;GM206;Nov 17th, 2015;PCIe 3.0 x16;2 GB, GDDR5, 128 bit;1087 MHz;1253 MHz;512 / 32 / 32
2208;GeForce GTX 950;GM206;Aug 20th, 2015;PCIe 3.0 x16;2 GB, GDDR5, 128 bit;1024 MHz;1653 MHz;768 / 48 / 32
2209;GeForce GTX 950A;GM107;Mar 13th, 2015;MXM-B (3.0);2 GB, DDR3, 128 bit;993 MHz;1001 MHz;640 / 40 / 16
2210;GeForce GTX 950M;GM107;Mar 13th, 2015;PCIe 3.0 x8;4 GB, DDR3, 128 bit;993 MHz;900 MHz;640 / 40 / 16
2211;GeForce GTX 960 OEM;GM204;Nov 26th, 2015;PCIe 3.0 x16;3 GB, GDDR5, 192 bit;924 MHz;1253 MHz;1280 / 80 / 48
2212;GeForce GTX 960A;GM107;Mar 13th, 2015;MXM-B (3.0);2 GB, GDDR5, 128 bit;1097 MHz;1253 MHz;640 / 40 / 16
2213;GeForce GTX 960M;GM107;Mar 13th, 2015;MXM-B (3.0);4 GB, GDDR5, 128 bit;1097 MHz;1253 MHz;640 / 40 / 16
2214;GeForce GTX 980 Ti;GM200;Jun 2nd, 2015;PCIe 3.0 x16;6 GB, GDDR5, 384 bit;1000 MHz;1753 MHz;2816 / 176 / 96
2215;GeForce GTX TITAN X;GM200;Mar 17th, 2015;PCIe 3.0 x16;12 GB, GDDR5, 384 bit;1000 MHz;1753 MHz;3072 / 192 / 96
2216;NVS 810;GM107;Nov 4th, 2015;PCIe 3.0 x16;2 GB, DDR3, 64 bit;902 MHz;900 MHz;512 / 32 / 16
2217;Quadro M1000M;GM107;Aug 18th, 2015;MXM-A (3.0);2 GB, GDDR5, 128 bit;993 MHz;1253 MHz;512 / 32 / 16
2218;Quadro M2000M;GM107;Dec 3rd, 2015;MXM-A (3.0);4 GB, GDDR5, 128 bit;1098 MHz;1253 MHz;640 / 40 / 16
2219;Quadro M3000M;GM204;Aug 18th, 2015;PCIe 3.0 x16;4 GB, GDDR5, 256 bit;823 MHz;1253 MHz;1024 / 64 / 32
2220;Quadro M4000;GM204;Jun 29th, 2015;PCIe 3.0 x16;8 GB, GDDR5, 256 bit;773 MHz;1502 MHz;1664 / 104 / 64
2221;Quadro M6000;GM200;Mar 21st, 2015;PCIe 3.0 x16;12 GB, GDDR5, 384 bit;988 MHz;1653 MHz;3072 / 192 / 96
2222;Quadro M600M;GM107;Aug 18th, 2015;MXM-A (3.0);2 GB, GDDR5, 128 bit;837 MHz;1253 MHz;384 / 16 / 8
2223;Radeon R9 FURY X;Fiji;Jun 24th, 2015;PCIe 3.0 x16;4 GB, HBM, 4096 bit;1050 MHz;500 MHz;4096 / 256 / 64
2224;Radeon R9 FURY X2;Capsaicin;Never Released;PCIe 3.0 x16;4 GB, HBM, 4096 bit;1050 MHz;500 MHz;4096 / 256 / 64
2225;Radeon R9 Nano;Fiji;Aug 27th, 2015;PCIe 3.0 x16;4 GB, HBM, 4096 bit;1000 MHz;500 MHz;4096 / 256 / 64
2226;GeForce GTX 980 Ti;GM200;Jun 2nd, 2015;PCIe 3.0 x16;6 GB, GDDR5, 384 bit;1000 MHz;1753 MHz;2816 / 176 / 96
2227;GeForce GTX TITAN X;GM200;Mar 17th, 2015;PCIe 3.0 x16;12 GB, GDDR5, 384 bit;1000 MHz;1753 MHz;3072 / 192 / 96
2228;Quadro M6000;GM200;Mar 21st, 2015;PCIe 3.0 x16;12 GB, GDDR5, 384 bit;988 MHz;1653 MHz;3072 / 192 / 96
2229;FirePro W4170M;Opal;Apr 23rd, 2015;PCIe 3.0 x8;2 GB, GDDR5, 128 bit;825 MHz;1000 MHz;384 / 24 / 8
2230;FirePro W4190M;Opal;Nov 12th, 2015;PCIe 3.0 x8;2 GB, GDDR5, 128 bit;825 MHz;1000 MHz;384 / 24 / 8
2231;FirePro W4300;Bonaire;Dec 1st, 2015;PCIe 3.0 x16;4 GB, GDDR5, 128 bit;930 MHz;1500 MHz;768 / 48 / 16
2232;FirePro W5130M;Tropo;Oct 2nd, 2015;PCIe 3.0 x16;2 GB, GDDR5, 128 bit;900 MHz;1000 MHz;512 / 32 / 16
2233;FirePro W6150M;Saturn;Nov 12th, 2015;MXM-B (3.0);4 GB, GDDR5, 128 bit;1075 MHz;1375 MHz;768 / 48 / 16
2234;FirePro W7170M;Amethyst;Oct 2nd, 2015;PCIe 3.0 x16;4 GB, GDDR5, 256 bit;723 MHz;1250 MHz;2048 / 128 / 32
2235;Radeon E8870;Saturn;Sep 29th, 2015;MXM-B (3.0);4 GB, GDDR5, 128 bit;1000 MHz;1500 MHz;768 / 48 / 16
2236;Radeon R5 330 OEM;Exo;May 5th, 2015;PCIe 3.0 x8;2 GB, DDR3, 64 bit;830 MHz;900 MHz;320 / 20 / 8
2237;Radeon R5 340 OEM;Oland;May 5th, 2015;PCIe 3.0 x8;1024 MB, GDDR5, 64 bit;730 MHz;1150 MHz;384 / 24 / 8
2238;Radeon R5 340X OEM;Oland;May 5th, 2015;PCIe 3.0 x8;2 GB, DDR3, 64 bit;900 MHz;1000 MHz;384 / 24 / 8
2239;Radeon R5 A330;Exo;Oct 21st, 2015;PCIe 3.0 x8;2 GB, DDR3, 64 bit;1030 MHz;900 MHz;320 / 20 / 8
2240;Radeon R5 A335;Exo;Oct 21st, 2015;PCIe 3.0 x8;2 GB, DDR3, 64 bit;1070 MHz;900 MHz;320 / 20 / 8
2241;Radeon R5 M315;Meso;May 5th, 2015;PCIe 3.0 x8;2 GB, DDR3, 64 bit;970 MHz;900 MHz;384 / 24 / 8
2242;Radeon R5 M320;Jet;May 5th, 2015;PCIe 3.0 x8;4 GB, DDR3, 64 bit;780 MHz;1000 MHz;320 / 20 / 8
2243;Radeon R5 M330;Exo;May 5th, 2015;PCIe 3.0 x8;2 GB, DDR3, 64 bit;955 MHz;900 MHz;320 / 20 / 8
2244;Radeon R5 M335;Exo;Oct 21st, 2015;PCIe 3.0 x8;2 GB, DDR3, 64 bit;1070 MHz;900 MHz;320 / 20 / 8
2245;Radeon R5 Mobile Graphics;Wani;Nov 7th, 2015;IGP;System Shared;200 MHz;System Shared;384 / 24 / 8
2246;Radeon R6 M335DX;Jet;Dec 12th, 2015;IGP;System Shared;955 MHz;System Shared;384 / 24 / 8
2247;Radeon R6 M340DX;Jet;Dec 12th, 2015;IGP;System Shared;955 MHz;System Shared;384 / 24 / 8
2248;Radeon R6 Mobile Graphics;Wani;Nov 7th, 2015;IGP;System Shared;200 MHz;System Shared;384 / 24 / 8
2249;Radeon R7 340 OEM;Oland;May 5th, 2015;PCIe 3.0 x8;2 GB, DDR3, 128 bit;730 MHz;900 MHz;384 / 24 / 8
2250;Radeon R7 340 OEM;Oland;May 5th, 2015;PCIe 3.0 x8;2 GB, GDDR5, 128 bit;730 MHz;1000 MHz;384 / 24 / 8
2251;Radeon R7 350 OEM;Oland;May 5th, 2015;PCIe 3.0 x8;2 GB, GDDR5, 128 bit;1000 MHz;1150 MHz;384 / 24 / 8
2252;Radeon R7 350X OEM;Oland;May 5th, 2015;PCIe 3.0 x8;4 GB, DDR3, 128 bit;1000 MHz;1000 MHz;384 / 24 / 8
2253;Radeon R7 360;Tobago;Jun 18th, 2015;PCIe 3.0 x16;2 GB, GDDR5, 128 bit;1000 MHz;1500 MHz;768 / 48 / 16
2254;Radeon R7 360 896SP;Tobago;Jun 18th, 2015;PCIe 3.0 x16;2 GB, GDDR5, 128 bit;1100 MHz;1500 MHz;896 / 56 / 16
2255;Radeon R7 360E;Tobago;Dec 30th, 2015;PCIe 3.0 x16;2 GB, GDDR5, 128 bit;1050 MHz;1500 MHz;768 / 48 / 16
2256;Radeon R7 370;Trinidad;Jun 18th, 2015;PCIe 3.0 x16;2 GB, GDDR5, 256 bit;925 MHz;1400 MHz;1024 / 64 / 32
2257;Radeon R7 A360;Meso;May 5th, 2015;PCIe 3.0 x8;2 GB, DDR3, 64 bit;1100 MHz;900 MHz;384 / 24 / 8
2258;Radeon R7 M260X;Opal;Dec 6th, 2015;PCIe 3.0 x8;1024 MB, GDDR5, 128 bit;620 MHz;1000 MHz;384 / 24 / 8
2259;Radeon R7 M340;Meso;May 5th, 2015;PCIe 3.0 x8;2 GB, DDR3, 64 bit;943 MHz;1000 MHz;320 / 20 / 8
2260;Radeon R7 M340;Opal;Dec 6th, 2015;PCIe 3.0 x8;1024 MB, DDR3, 64 bit;620 MHz;1000 MHz;384 / 24 / 8
2261;Radeon R7 M350;Meso;May 5th, 2015;PCIe 3.0 x8;4 GB, DDR3, 64 bit;1000 MHz;1000 MHz;384 / 24 / 8
2262;Radeon R7 M360;Meso;May 5th, 2015;PCIe 3.0 x8;2 GB, DDR3, 64 bit;1100 MHz;900 MHz;384 / 24 / 8
2263;Radeon R7 M365X;Litho;May 5th, 2015;PCIe 3.0 x8;1024 MB, GDDR5, 128 bit;900 MHz;1000 MHz;384 / 24 / 8
2264;Radeon R7 M370;Litho;May 5th, 2015;PCIe 3.0 x8;4 GB, GDDR5, 128 bit;900 MHz;1150 MHz;384 / 24 / 8
2265;Radeon R7 M380;Tropo;May 5th, 2015;PCIe 3.0 x16;4 GB, DDR3, 128 bit;900 MHz;1000 MHz;640 / 40 / 16
2266;Radeon R7 Mobile Graphics;Wani;Nov 15th, 2015;IGP;System Shared;200 MHz;System Shared;512 / 32 / 8
2267;Radeon R8 M350DX;Jet;Dec 12th, 2015;IGP;System Shared;955 MHz;System Shared;384 / 24 / 8
2268;Radeon R8 M365DX;Meso;Jun 3rd, 2015;IGP;System Shared;900 MHz;System Shared;384 / 24 / 8
2269;Radeon R9 270 1024SP;Pitcairn;Mar 13th, 2015;PCIe 3.0 x16;2 GB, GDDR5, 256 bit;900 MHz;1200 MHz;1024 / 64 / 32
2270;Radeon R9 360 OEM;Tobago;May 5th, 2015;PCIe 3.0 x16;2 GB, GDDR5, 128 bit;1000 MHz;1625 MHz;768 / 48 / 16
2271;Radeon R9 370;Trinidad;May 5th, 2015;PCIe 3.0 x16;2 GB, GDDR5, 256 bit;925 MHz;1400 MHz;1280 / 80 / 32
2272;Radeon R9 370 1024SP;Trinidad;Jun 12th, 2015;PCIe 3.0 x16;2 GB, GDDR5, 256 bit;925 MHz;1400 MHz;1024 / 64 / 32
2273;Radeon R9 370X;Trinidad;Aug 27th, 2015;PCIe 3.0 x16;2 GB, GDDR5, 256 bit;980 MHz;1400 MHz;1280 / 80 / 32
2274;Radeon R9 380;Antigua;Jun 18th, 2015;PCIe 3.0 x16;2 GB, GDDR5, 256 bit;970 MHz;1375 MHz;1792 / 112 / 32
2275;Radeon R9 380 OEM;Antigua;May 5th, 2015;PCIe 3.0 x16;4 GB, GDDR5, 256 bit;918 MHz;1375 MHz;1792 / 112 / 32
2276;Radeon R9 380X;Antigua;Nov 19th, 2015;PCIe 3.0 x16;4 GB, GDDR5, 256 bit;970 MHz;1425 MHz;2048 / 128 / 32
2277;Radeon R9 FURY X;Fiji;Jun 24th, 2015;PCIe 3.0 x16;4 GB, HBM, 4096 bit;1050 MHz;500 MHz;4096 / 256 / 64
2278;Radeon R9 M360;Tropo;May 5th, 2015;PCIe 3.0 x16;4 GB, GDDR5, 128 bit;900 MHz;1125 MHz;512 / 32 / 16
2279;Radeon R9 M365X;Tropo;May 5th, 2015;PCIe 3.0 x16;4 GB, GDDR5, 128 bit;900 MHz;1125 MHz;640 / 40 / 16
2280;Radeon R9 M370X Mac Edition;Tropo;May 5th, 2015;PCIe 3.0 x16;2 GB, GDDR5, 128 bit;775 MHz;1125 MHz;640 / 40 / 16
2281;Radeon R9 M375;Tropo;May 5th, 2015;PCIe 3.0 x16;2 GB, DDR3, 128 bit;1000 MHz;900 MHz;640 / 40 / 16
2282;Radeon R9 M375X;Tropo;May 5th, 2015;PCIe 3.0 x16;2 GB, GDDR5, 128 bit;925 MHz;1125 MHz;640 / 40 / 16
2283;Radeon R9 M380;Strato;May 5th, 2015;PCIe 3.0 x16;4 GB, GDDR5, 128 bit;900 MHz;1500 MHz;768 / 48 / 16
2284;Radeon R9 M380 Mac Edition;Strato;May 5th, 2015;PCIe 3.0 x16;2 GB, GDDR5, 128 bit;900 MHz;1568 MHz;768 / 48 / 16
2285;Radeon R9 M385;Strato;May 5th, 2015;PCIe 3.0 x16;4 GB, GDDR5, 128 bit;900 MHz;1200 MHz;896 / 56 / 16
2286;Radeon R9 M385X;Strato;May 5th, 2015;PCIe 3.0 x16;4 GB, GDDR5, 128 bit;1000 MHz;1200 MHz;896 / 56 / 16
2287;Radeon R9 M390 Mac Edition;Pitcairn;May 5th, 2015;PCIe 3.0 x16;2 GB, GDDR5, 256 bit;958 MHz;1365 MHz;1024 / 64 / 32
2288;Radeon R9 M390X;Amethyst;May 5th, 2015;PCIe 3.0 x16;4 GB, GDDR5, 256 bit;723 MHz;1250 MHz;2048 / 128 / 32
2289;Radeon R9 M395 Mac Edition;Amethyst;May 5th, 2015;MXM-B (3.0);2 GB, GDDR5, 256 bit;834 MHz;1365 MHz;1792 / 112 / 32
2290;Radeon R9 M395X;Amethyst;May 5th, 2015;PCIe 3.0 x16;8 GB, GDDR5, 256 bit;723 MHz;1250 MHz;2048 / 128 / 32
2291;Radeon R9 M395X Mac Edition;Amethyst;May 5th, 2015;MXM-B (3.0);4 GB, GDDR5, 256 bit;909 MHz;1365 MHz;2048 / 128 / 32
2292;Radeon R9 Nano;Fiji;Aug 27th, 2015;PCIe 3.0 x16;4 GB, HBM, 4096 bit;1000 MHz;500 MHz;4096 / 256 / 64
2293;Iris Graphics 540;Skylake GT3e;Sep 1st, 2015;Ring Bus;System Shared;300 MHz;System Shared;384 / 48 / 6
2294;Iris Graphics 550;Skylake GT3e;Sep 1st, 2015;Ring Bus;System Shared;300 MHz;System Shared;384 / 48 / 6
2295;Iris Pro Graphics 580;Skylake GT4e;Sep 1st, 2015;Ring Bus;System Shared;350 MHz;System Shared;576 / 72 / 9
2296;Iris Pro Graphics P555;Skylake GT3e;Sep 1st, 2015;Ring Bus;System Shared;350 MHz;System Shared;384 / 48 / 6
2297;Iris Pro Graphics P580;Skylake GT4e;Sep 1st, 2015;Ring Bus;System Shared;350 MHz;System Shared;576 / 72 / 9
2298;Iris Pro Graphics P580;Skylake GT4e;Sep 1st, 2015;Ring Bus;System Shared;350 MHz;System Shared;576 / 72 / 9
2299;GeForce 810M;GK107;Mar 21st, 2015;PCIe 3.0 x16;2 GB, DDR3, 64 bit;835 MHz;900 MHz;384 / 32 / 16
2300;GeForce 820M;GK107;Mar 21st, 2015;PCIe 3.0 x16;2 GB, DDR3, 128 bit;810 MHz;901 MHz;384 / 32 / 16
2301;GeForce 845M;GM108;Aug 26th, 2015;PCIe 3.0 x8;2 GB, GDDR5, 64 bit;1071 MHz;1253 MHz;384 / 32 / 16
2302;GeForce 920A;GK208B;Mar 13th, 2015;PCIe 3.0 x8;1024 MB, DDR3, 64 bit;954 MHz;1001 MHz;384 / 32 / 8
2303;GeForce 920M;GK208B;Mar 13th, 2015;PCIe 3.0 x8;2 GB, DDR3, 64 bit;954 MHz;900 MHz;384 / 32 / 8
2304;GeForce 930A;GM108;Mar 13th, 2015;PCIe 3.0 x8;2 GB, DDR3, 64 bit;928 MHz;1001 MHz;384 / 24 / 8
2305;GeForce 930M;GM108;Mar 13th, 2015;PCIe 3.0 x8;2 GB, DDR3, 64 bit;928 MHz;900 MHz;384 / 24 / 8
2306;GeForce 940A;GM108;Mar 13th, 2015;PCIe 3.0 x8;1024 MB, DDR3, 64 bit;1029 MHz;1001 MHz;384 / 16 / 8
2307;GeForce 940A;GM108;Mar 13th, 2015;PCIe 3.0 x8;2 GB, DDR3, 64 bit;1072 MHz;1001 MHz;384 / 16 / 8
2308;GeForce 940M;GM108;Mar 13th, 2015;PCIe 3.0 x8;2 GB, DDR3, 64 bit;1072 MHz;900 MHz;384 / 24 / 8
2309;GeForce 940M;GM107;Mar 13th, 2015;MXM-B (3.0);2 GB, DDR3, 64 bit;1020 MHz;900 MHz;512 / 32 / 16
2310;GeForce 945A;GM108;Mar 13th, 2015;PCIe 3.0 x8;1024 MB, GDDR5, 64 bit;1006 MHz;1253 MHz;384 / 24 / 8
2311;GeForce 945M;GM107;Oct 27th, 2015;MXM-B (3.0);2 GB, DDR3, 128 bit;928 MHz;900 MHz;640 / 40 / 16
2312;GeForce GT 730 OEM;GK107;Apr 9th, 2015;PCIe 3.0 x16;1024 MB, GDDR5, 64 bit;902 MHz;1253 MHz;384 / 32 / 8
2313;GeForce GTX 750 GM206;GM206;Nov 17th, 2015;PCIe 3.0 x16;2 GB, GDDR5, 128 bit;1087 MHz;1253 MHz;512 / 32 / 32
2314;GeForce GTX 950;GM206;Aug 20th, 2015;PCIe 3.0 x16;2 GB, GDDR5, 128 bit;1024 MHz;1653 MHz;768 / 48 / 32
2315;GeForce GTX 950A;GM107;Mar 13th, 2015;MXM-B (3.0);2 GB, DDR3, 128 bit;993 MHz;1001 MHz;640 / 40 / 16
2316;GeForce GTX 950M;GM107;Mar 13th, 2015;PCIe 3.0 x8;4 GB, DDR3, 128 bit;993 MHz;900 MHz;640 / 40 / 16
2317;GeForce GTX 950M Mac Edition;GM107;Mar 13th, 2015;MXM-B (3.0);2 GB, DDR3, 128 bit;993 MHz;900 MHz;640 / 40 / 16
2318;GeForce GTX 960 OEM;GM204;Nov 26th, 2015;PCIe 3.0 x16;3 GB, GDDR5, 192 bit;924 MHz;1253 MHz;1280 / 80 / 48
2319;GeForce GTX 960A;GM107;Mar 13th, 2015;MXM-B (3.0);2 GB, GDDR5, 128 bit;1097 MHz;1253 MHz;640 / 40 / 16
2320;GeForce GTX 960M;GM107;Mar 13th, 2015;MXM-B (3.0);4 GB, GDDR5, 128 bit;1097 MHz;1253 MHz;640 / 40 / 16
2321;GeForce GTX 980 Ti;GM200;Jun 2nd, 2015;PCIe 3.0 x16;6 GB, GDDR5, 384 bit;1000 MHz;1753 MHz;2816 / 176 / 96
2322;GeForce GTX TITAN X;GM200;Mar 17th, 2015;PCIe 3.0 x16;12 GB, GDDR5, 384 bit;1000 MHz;1753 MHz;3072 / 192 / 96
2323;NVS 810;GM107;Nov 4th, 2015;PCIe 3.0 x16;2 GB, DDR3, 64 bit;902 MHz;900 MHz;512 / 32 / 16
2324;Quadro M1000M;GM107;Aug 18th, 2015;MXM-A (3.0);2 GB, GDDR5, 128 bit;993 MHz;1253 MHz;512 / 32 / 16
2325;Quadro M2000M;GM107;Dec 3rd, 2015;MXM-A (3.0);4 GB, GDDR5, 128 bit;1098 MHz;1253 MHz;640 / 40 / 16
2326;Quadro M3000M;GM204;Aug 18th, 2015;PCIe 3.0 x16;4 GB, GDDR5, 256 bit;823 MHz;1253 MHz;1024 / 64 / 32
2327;Quadro M4000;GM204;Jun 29th, 2015;PCIe 3.0 x16;8 GB, GDDR5, 256 bit;773 MHz;1502 MHz;1664 / 104 / 64
2328;Quadro M6000;GM200;Mar 21st, 2015;PCIe 3.0 x16;12 GB, GDDR5, 384 bit;988 MHz;1653 MHz;3072 / 192 / 96
2329;Quadro M600M;GM107;Aug 18th, 2015;MXM-A (3.0);2 GB, GDDR5, 128 bit;837 MHz;1253 MHz;384 / 16 / 8
2330;FirePro W4300;Bonaire;Dec 1st, 2015;PCIe 3.0 x16;4 GB, GDDR5, 128 bit;930 MHz;1500 MHz;768 / 48 / 16
2331;FirePro W5130M;Tropo;Oct 2nd, 2015;PCIe 3.0 x16;2 GB, GDDR5, 128 bit;900 MHz;1000 MHz;512 / 32 / 16
2332;FirePro W6150M;Saturn;Nov 12th, 2015;MXM-B (3.0);4 GB, GDDR5, 128 bit;1075 MHz;1375 MHz;768 / 48 / 16
2333;FirePro W7170M;Amethyst;Oct 2nd, 2015;PCIe 3.0 x16;4 GB, GDDR5, 256 bit;723 MHz;1250 MHz;2048 / 128 / 32
2334;Radeon E8870;Saturn;Sep 29th, 2015;MXM-B (3.0);4 GB, GDDR5, 128 bit;1000 MHz;1500 MHz;768 / 48 / 16
2335;Radeon R7 360;Tobago;Jun 18th, 2015;PCIe 3.0 x16;2 GB, GDDR5, 128 bit;1000 MHz;1500 MHz;768 / 48 / 16
2336;Radeon R7 360 896SP;Tobago;Jun 18th, 2015;PCIe 3.0 x16;2 GB, GDDR5, 128 bit;1100 MHz;1500 MHz;896 / 56 / 16
2337;Radeon R7 360E;Tobago;Dec 30th, 2015;PCIe 3.0 x16;2 GB, GDDR5, 128 bit;1050 MHz;1500 MHz;768 / 48 / 16
2338;Radeon R7 370;Trinidad;Jun 18th, 2015;PCIe 3.0 x16;2 GB, GDDR5, 256 bit;925 MHz;1400 MHz;1024 / 64 / 32
2339;Radeon R7 M380;Tropo;May 5th, 2015;PCIe 3.0 x16;4 GB, DDR3, 128 bit;900 MHz;1000 MHz;640 / 40 / 16
2340;Radeon R9 270 1024SP;Pitcairn;Mar 13th, 2015;PCIe 3.0 x16;2 GB, GDDR5, 256 bit;900 MHz;1200 MHz;1024 / 64 / 32
2341;Radeon R9 360 OEM;Tobago;May 5th, 2015;PCIe 3.0 x16;2 GB, GDDR5, 128 bit;1000 MHz;1625 MHz;768 / 48 / 16
2342;Radeon R9 370;Trinidad;May 5th, 2015;PCIe 3.0 x16;2 GB, GDDR5, 256 bit;925 MHz;1400 MHz;1280 / 80 / 32
2343;Radeon R9 370 1024SP;Trinidad;Jun 12th, 2015;PCIe 3.0 x16;2 GB, GDDR5, 256 bit;925 MHz;1400 MHz;1024 / 64 / 32
2344;Radeon R9 370X;Trinidad;Aug 27th, 2015;PCIe 3.0 x16;2 GB, GDDR5, 256 bit;980 MHz;1400 MHz;1280 / 80 / 32
2345;Radeon R9 380;Antigua;Jun 18th, 2015;PCIe 3.0 x16;2 GB, GDDR5, 256 bit;970 MHz;1375 MHz;1792 / 112 / 32
2346;Radeon R9 380 OEM;Antigua;May 5th, 2015;PCIe 3.0 x16;4 GB, GDDR5, 256 bit;918 MHz;1375 MHz;1792 / 112 / 32
2347;Radeon R9 380X;Antigua;Nov 19th, 2015;PCIe 3.0 x16;4 GB, GDDR5, 256 bit;970 MHz;1425 MHz;2048 / 128 / 32
2348;Radeon R9 A375;Venus;2015;PCIe 3.0 x16;2 GB, GDDR5, 128 bit;900 MHz;1125 MHz;640 / 40 / 16
2349;Radeon R9 FURY X;Fiji;Jun 24th, 2015;PCIe 3.0 x16;4 GB, HBM, 4096 bit;1050 MHz;500 MHz;4096 / 256 / 64
2350;Radeon R9 FURY X2;Capsaicin;Never Released;PCIe 3.0 x16;4 GB, HBM, 4096 bit;1050 MHz;500 MHz;4096 / 256 / 64
2351;Radeon R9 M270X;Saturn;Feb 5th, 2015;PCIe 3.0 x16;2 GB, GDDR5, 128 bit;900 MHz;1375 MHz;768 / 48 / 16
2352;Radeon R9 M280X;Saturn;Feb 5th, 2015;PCIe 3.0 x16;2 GB, GDDR5, 128 bit;1000 MHz;1500 MHz;896 / 56 / 16
2353;Radeon R9 M280X;Saturn;Feb 5th, 2015;PCIe 3.0 x16;4 GB, GDDR5, 128 bit;900 MHz;1375 MHz;896 / 56 / 16
2354;Radeon R9 M360;Tropo;May 5th, 2015;PCIe 3.0 x16;4 GB, GDDR5, 128 bit;900 MHz;1125 MHz;512 / 32 / 16
2355;Radeon R9 M365X;Tropo;May 5th, 2015;PCIe 3.0 x16;4 GB, GDDR5, 128 bit;900 MHz;1125 MHz;640 / 40 / 16
2356;Radeon R9 M375;Tropo;May 5th, 2015;PCIe 3.0 x16;2 GB, DDR3, 128 bit;1000 MHz;900 MHz;640 / 40 / 16
2357;Radeon R9 M375X;Tropo;May 5th, 2015;PCIe 3.0 x16;2 GB, GDDR5, 128 bit;925 MHz;1125 MHz;640 / 40 / 16
2358;Radeon R9 M380;Strato;May 5th, 2015;PCIe 3.0 x16;4 GB, GDDR5, 128 bit;900 MHz;1500 MHz;768 / 48 / 16
2359;Radeon R9 M380 Mac Edition;Strato;May 5th, 2015;PCIe 3.0 x16;2 GB, GDDR5, 128 bit;900 MHz;1568 MHz;768 / 48 / 16
2360;Radeon R9 M385;Strato;May 5th, 2015;PCIe 3.0 x16;4 GB, GDDR5, 128 bit;900 MHz;1200 MHz;896 / 56 / 16
2361;Radeon R9 M385X;Strato;May 5th, 2015;PCIe 3.0 x16;4 GB, GDDR5, 128 bit;1000 MHz;1200 MHz;896 / 56 / 16
2362;Radeon R9 M390 Mac Edition;Pitcairn;May 5th, 2015;PCIe 3.0 x16;2 GB, GDDR5, 256 bit;958 MHz;1365 MHz;1024 / 64 / 32
2363;Radeon R9 M390X;Amethyst;May 5th, 2015;PCIe 3.0 x16;4 GB, GDDR5, 256 bit;723 MHz;1250 MHz;2048 / 128 / 32
2364;Radeon R9 M395 Mac Edition;Amethyst;May 5th, 2015;MXM-B (3.0);2 GB, GDDR5, 256 bit;834 MHz;1365 MHz;1792 / 112 / 32
2365;Radeon R9 M395X;Amethyst;May 5th, 2015;PCIe 3.0 x16;8 GB, GDDR5, 256 bit;723 MHz;1250 MHz;2048 / 128 / 32
2366;Radeon R9 M395X Mac Edition;Amethyst;May 5th, 2015;MXM-B (3.0);4 GB, GDDR5, 256 bit;909 MHz;1365 MHz;2048 / 128 / 32
2367;Radeon R9 Nano;Fiji;Aug 27th, 2015;PCIe 3.0 x16;4 GB, HBM, 4096 bit;1000 MHz;500 MHz;4096 / 256 / 64
2368;Iris Pro Graphics 580;Skylake GT4e;Sep 1st, 2015;Ring Bus;System Shared;350 MHz;System Shared;576 / 72 / 9
2369;Iris Pro Graphics P580;Skylake GT4e;Sep 1st, 2015;Ring Bus;System Shared;350 MHz;System Shared;576 / 72 / 9
2370;Iris Pro Graphics P580;Skylake GT4e;Sep 1st, 2015;Ring Bus;System Shared;350 MHz;System Shared;576 / 72 / 9
2371;GeForce 845M;GM108;Aug 26th, 2015;PCIe 3.0 x8;2 GB, GDDR5, 64 bit;1071 MHz;1253 MHz;384 / 32 / 16
2372;GeForce 940M;GM107;Mar 13th, 2015;MXM-B (3.0);2 GB, DDR3, 64 bit;1020 MHz;900 MHz;512 / 32 / 16
2373;GeForce 945M;GM107;Oct 27th, 2015;MXM-B (3.0);2 GB, DDR3, 128 bit;928 MHz;900 MHz;640 / 40 / 16
2374;GeForce GTX 750 GM206;GM206;Nov 17th, 2015;PCIe 3.0 x16;2 GB, GDDR5, 128 bit;1087 MHz;1253 MHz;512 / 32 / 32
2375;GeForce GTX 860M OEM;GM107;Feb 5th, 2015;MXM-B (3.0);2 GB, GDDR5, 128 bit;1097 MHz;1253 MHz;640 / 40 / 16
2376;GeForce GTX 950;GM206;Aug 20th, 2015;PCIe 3.0 x16;2 GB, GDDR5, 128 bit;1024 MHz;1653 MHz;768 / 48 / 32
2377;GeForce GTX 950A;GM107;Mar 13th, 2015;MXM-B (3.0);2 GB, DDR3, 128 bit;993 MHz;1001 MHz;640 / 40 / 16
2378;GeForce GTX 950M;GM107;Mar 13th, 2015;PCIe 3.0 x8;4 GB, DDR3, 128 bit;993 MHz;900 MHz;640 / 40 / 16
2379;GeForce GTX 950M Mac Edition;GM107;Mar 13th, 2015;MXM-B (3.0);2 GB, DDR3, 128 bit;993 MHz;900 MHz;640 / 40 / 16
2380;GeForce GTX 960;GM206;Jan 22nd, 2015;PCIe 3.0 x16;2 GB, GDDR5, 128 bit;1127 MHz;1753 MHz;1024 / 64 / 32
2381;GeForce GTX 960 OEM;GM204;Nov 26th, 2015;PCIe 3.0 x16;3 GB, GDDR5, 192 bit;924 MHz;1253 MHz;1280 / 80 / 48
2382;GeForce GTX 960A;GM107;Mar 13th, 2015;MXM-B (3.0);2 GB, GDDR5, 128 bit;1097 MHz;1253 MHz;640 / 40 / 16
2383;GeForce GTX 960M;GM107;Mar 13th, 2015;MXM-B (3.0);4 GB, GDDR5, 128 bit;1097 MHz;1253 MHz;640 / 40 / 16
2384;GeForce GTX 965M;GM204;Jan 9th, 2015;MXM-B (3.0);2 GB, GDDR5, 128 bit;924 MHz;1253 MHz;1024 / 64 / 32
2385;GeForce GTX 965M;GM204;Jan 9th, 2015;MXM-B (3.0);2 GB, GDDR5, 128 bit;924 MHz;1253 MHz;1024 / 64 / 32
2386;GeForce GTX 965M 4 GB;GM204;Jan 9th, 2015;MXM-B (3.0);4 GB, GDDR5, 128 bit;935 MHz;1253 MHz;1024 / 64 / 32
2387;GeForce GTX 980 Ti;GM200;Jun 2nd, 2015;PCIe 3.0 x16;6 GB, GDDR5, 384 bit;1000 MHz;1753 MHz;2816 / 176 / 96
2388;GeForce GTX TITAN X;GM200;Mar 17th, 2015;PCIe 3.0 x16;12 GB, GDDR5, 384 bit;1000 MHz;1753 MHz;3072 / 192 / 96
2389;NVS 810;GM107;Nov 4th, 2015;PCIe 3.0 x16;2 GB, DDR3, 64 bit;902 MHz;900 MHz;512 / 32 / 16
2390;Quadro K1200;GM107;Jan 28th, 2015;PCIe 2.0 x16;4 GB, GDDR5, 128 bit;1058 MHz;1250 MHz;512 / 32 / 16
2391;Quadro M1000M;GM107;Aug 18th, 2015;MXM-A (3.0);2 GB, GDDR5, 128 bit;993 MHz;1253 MHz;512 / 32 / 16
2392;Quadro M2000M;GM107;Dec 3rd, 2015;MXM-A (3.0);4 GB, GDDR5, 128 bit;1098 MHz;1253 MHz;640 / 40 / 16
2393;Quadro M3000M;GM204;Aug 18th, 2015;PCIe 3.0 x16;4 GB, GDDR5, 256 bit;823 MHz;1253 MHz;1024 / 64 / 32
2394;Quadro M4000;GM204;Jun 29th, 2015;PCIe 3.0 x16;8 GB, GDDR5, 256 bit;773 MHz;1502 MHz;1664 / 104 / 64
2395;Quadro M6000;GM200;Mar 21st, 2015;PCIe 3.0 x16;12 GB, GDDR5, 384 bit;988 MHz;1653 MHz;3072 / 192 / 96
2396;No graphics cards found. Please change your search criteria.;;;;;;;
2397;No graphics cards found. Please change your search criteria.;;;;;;;
2398;FirePro S7150;Tonga;Feb 1st, 2016;PCIe 3.0 x16;8 GB, GDDR5, 256 bit;920 MHz;1250 MHz;2048 / 128 / 32
2399;FirePro S7150 x2;Tonga;Feb 1st, 2016;PCIe 3.0 x16;8 GB, GDDR5, 256 bit;1050 MHz;1250 MHz;1792 / 112 / 32
2400;FirePro S9300 X2;Capsaicin;Mar 31st, 2016;PCIe 3.0 x16;4 GB, HBM, 4096 bit;975 MHz;500 MHz;4096 / 256 / 64
2401;Radeon Instinct MI6;Ellesmere;Dec 12th, 2016;PCIe 3.0 x16;8 GB, GDDR5, 256 bit;1120 MHz;1750 MHz;2304 / 144 / 32
2402;Radeon Instinct MI8;Fiji;Dec 12th, 2016;PCIe 3.0 x16;4 GB, HBM, 4096 bit;1000 MHz;500 MHz;4096 / 256 / 64
2403;GRID M10-8Q;GM107;May 18th, 2016;PCIe 3.0 x16;8 GB, GDDR5, 128 bit;1033 MHz;1300 MHz;640 / 40 / 16
2404;GRID M3-3020;GM107;May 18th, 2016;PCIe 3.0 x16;4 GB, GDDR5, 128 bit;1033 MHz;1300 MHz;640 / 40 / 16
2405;GRID M40;GM107;May 18th, 2016;PCIe 3.0 x16;8 GB, GDDR5, 128 bit;1033 MHz;1300 MHz;384 / 32 / 16
2406;GeForce GTX 950 OEM;GM206;2016;PCIe 3.0 x16;4 GB, GDDR5, 128 bit;937 MHz;1253 MHz;1024 / 64 / 32
2407;Quadro M3000 SE;GM204;Oct 2nd, 2016;PCIe 3.0 x16;4 GB, GDDR5, 256 bit;823 MHz;1253 MHz;1024 / 64 / 32
2408;Tesla M10;GM107;May 18th, 2016;PCIe 3.0 x16;8 GB, GDDR5, 128 bit;1033 MHz;1300 MHz;640 / 40 / 16
2409;Tesla P10;GP102;Sep 13th, 2016;PCIe 3.0 x16;24 GB, GDDR5X, 384 bit;1025 MHz;1808 MHz;3840 / 240 / 96
2410;Tesla P100 DGXS;GP100;Apr 5th, 2016;PCIe 3.0 x16;16 GB, HBM2, 4096 bit;1328 MHz;715 MHz;3584 / 224 / 96
2411;Tesla P100 PCIe 12 GB;GP100;Jun 20th, 2016;PCIe 3.0 x16;12 GB, HBM2, 3072 bit;1190 MHz;715 MHz;3584 / 224 / 96
2412;Tesla P100 PCIe 16 GB;GP100;Jun 20th, 2016;PCIe 3.0 x16;16 GB, HBM2, 4096 bit;1190 MHz;715 MHz;3584 / 224 / 96
2413;Tesla P100 SXM2;GP100;Apr 5th, 2016;PCIe 3.0 x16;16 GB, HBM2, 4096 bit;1328 MHz;715 MHz;3584 / 224 / 96
2414;Tesla P4;GP104;Sep 13th, 2016;PCIe 3.0 x16;8 GB, GDDR5, 256 bit;886 MHz;1502 MHz;2560 / 160 / 64
2415;Tesla P40;GP102;Sep 13th, 2016;PCIe 3.0 x16;24 GB, GDDR5X, 384 bit;1303 MHz;1808 MHz;3840 / 240 / 96
2416;Radeon E9550 MXM;Ellesmere;Sep 27th, 2016;MXM-B (3.0);8 GB, GDDR5, 256 bit;1120 MHz;1250 MHz;2304 / 144 / 32
2417;Radeon Pro V7300X;Ellesmere;Never Released;PCIe 3.0 x16;8 GB, GDDR5, 256 bit;1188 MHz;1750 MHz;2304 / 144 / 32
2418;Radeon Pro V7350X2;Ellesmere;Never Released;PCIe 3.0 x16;16 GB, GDDR5, 256 bit;1188 MHz;1750 MHz;2304 / 144 / 32
2419;Radeon Pro WX 7100;Ellesmere;Nov 10th, 2016;PCIe 3.0 x16;8 GB, GDDR5, 256 bit;1188 MHz;1750 MHz;2304 / 144 / 32
2420;Radeon RX 470;Ellesmere;Aug 4th, 2016;PCIe 3.0 x16;4 GB, GDDR5, 256 bit;926 MHz;1650 MHz;2048 / 128 / 32
2421;Radeon RX 470 Mobile;Ellesmere;Aug 4th, 2016;MXM-B (3.0);8 GB, GDDR5, 256 bit;926 MHz;1750 MHz;2048 / 128 / 32
2422;Radeon RX 470D;Ellesmere;Oct 21st, 2016;PCIe 3.0 x16;4 GB, GDDR5, 256 bit;926 MHz;1650 MHz;1792 / 112 / 32
2423;Radeon RX 480;Ellesmere;Jun 29th, 2016;PCIe 3.0 x16;8 GB, GDDR5, 256 bit;1120 MHz;2000 MHz;2304 / 144 / 32
2424;Radeon RX 480 Mobile;Ellesmere;Aug 4th, 2016;MXM-B (3.0);8 GB, GDDR5, 256 bit;1000 MHz;2000 MHz;2304 / 144 / 32
2425;Radeon RX 580 OEM;Ellesmere;Jun 29th, 2016;PCIe 3.0 x16;8 GB, GDDR5, 256 bit;1120 MHz;2000 MHz;2304 / 144 / 32
2426;GeForce GTX 1060 3 GB;GP106;Aug 18th, 2016;PCIe 3.0 x16;3 GB, GDDR5, 192 bit;1506 MHz;2002 MHz;1152 / 72 / 48
2427;GeForce GTX 1060 3 GB GP104;GP104;Dec 25th, 2016;PCIe 3.0 x16;3 GB, GDDR5, 192 bit;1506 MHz;2002 MHz;1152 / 72 / 48
2428;GeForce GTX 1060 6 GB;GP106;Jul 19th, 2016;PCIe 3.0 x16;6 GB, GDDR5, 192 bit;1506 MHz;2002 MHz;1280 / 80 / 48
2429;GeForce GTX 1060 Mobile;GP106;Aug 15th, 2016;PCIe 3.0 x16;6 GB, GDDR5, 192 bit;1405 MHz;2002 MHz;1280 / 80 / 48
2430;GeForce GTX 980MX;GM204;Jun 1st, 2016;PCIe 3.0 x16;8 GB, GDDR5, 256 bit;1050 MHz;1500 MHz;1664 / 104 / 64
2431;Quadro M5500 Mobile;GM204;Apr 8th, 2016;MXM-B (3.0);8 GB, GDDR5, 256 bit;1140 MHz;1753 MHz;2048 / 128 / 64
2432;FirePro S7100X;Amethyst;May 25th, 2016;PCIe 3.0 x16;8 GB, GDDR5, 256 bit;725 MHz;1250 MHz;2048 / 128 / 32
2433;Playstation 4 Pro GPU;Neo;Nov 10th, 2016;IGP;8 GB, GDDR5, 256 bit;911 MHz;1700 MHz;2304 / 144 / 32
2434;Playstation 4 Slim GPU;Liverpool 16nm;Sep 7th, 2016;IGP;8 GB, GDDR5, 256 bit;800 MHz;1375 MHz;1152 / 72 / 32
2435;Radeon E9260 MXM;Baffin;Sep 27th, 2016;MXM-A (3.0);4 GB, GDDR5, 128 bit;1090 MHz;1750 MHz;896 / 48 / 16
2436;Radeon E9260 PCIe;Baffin;Sep 27th, 2016;PCIe 3.0 x8;4 GB, GDDR5, 128 bit;1090 MHz;1750 MHz;896 / 48 / 16
2437;Radeon Pro 450;Baffin;Oct 30th, 2016;PCIe 3.0 x8;2 GB, GDDR5, 128 bit;800 MHz;1270 MHz;640 / 40 / 16
2438;Radeon Pro 455;Baffin;Oct 30th, 2016;PCIe 3.0 x8;2 GB, GDDR5, 128 bit;855 MHz;1270 MHz;768 / 48 / 16
2439;Radeon Pro 460;Baffin;Oct 30th, 2016;PCIe 3.0 x8;4 GB, GDDR5, 128 bit;850 MHz;1270 MHz;1024 / 64 / 16
2440;Radeon Pro Duo;Capsaicin;Apr 26th, 2016;PCIe 3.0 x16;4 GB, HBM, 4096 bit;1000 MHz;500 MHz;4096 / 256 / 64
2441;Radeon Pro SSG;Fiji;Jul 26th, 2016;PCIe 3.0 x16;4 GB, HBM, 4096 bit;1000 MHz;500 MHz;4096 / 256 / 64
2442;Radeon Pro V5300X;Baffin;Never Released;PCIe 3.0 x8;4 GB, GDDR5, 128 bit;1125 MHz;1500 MHz;1024 / 64 / 16
2443;Radeon Pro WX 4100;Baffin;Nov 10th, 2016;PCIe 3.0 x8;4 GB, GDDR5, 128 bit;1125 MHz;1500 MHz;1024 / 64 / 16
2444;Radeon Pro WX 5100;Ellesmere;Nov 18th, 2016;PCIe 3.0 x16;8 GB, GDDR5, 256 bit;713 MHz;1250 MHz;1792 / 112 / 32
2445;Radeon R2 Mobile Graphics;Stoney;Jun 1st, 2016;IGP;System Shared;200 MHz;System Shared;128 / 8 / 4
2446;Radeon R3 Mobile Graphics;Stoney;Jun 1st, 2016;IGP;System Shared;200 MHz;System Shared;128 / 8 / 4
2447;Radeon R4 Mobile Graphics;Stoney;Jun 1st, 2016;IGP;System Shared;200 MHz;System Shared;192 / 12 / 8
2448;Radeon R5 430 OEM;Oland;Jun 30th, 2016;PCIe 3.0 x8;2 GB, GDDR5, 64 bit;730 MHz;1150 MHz;384 / 24 / 8
2449;Radeon R5 435 OEM;Banks;Jun 30th, 2016;PCIe 3.0 x8;2 GB, DDR3, 64 bit;1030 MHz;1125 MHz;320 / 20 / 8
2450;Radeon R5 M420;Jet;May 15th, 2016;PCIe 3.0 x8;4 GB, DDR3, 64 bit;780 MHz;1000 MHz;320 / 20 / 8
2451;Radeon R5 M430;Exo;May 15th, 2016;PCIe 3.0 x8;4 GB, DDR3, 64 bit;1030 MHz;900 MHz;320 / 20 / 8
2452;Radeon R5 M430;Jet;May 15th, 2016;PCIe 3.0 x8;2 GB, DDR3, 64 bit;780 MHz;1125 MHz;320 / 20 / 8
2453;Radeon R5 M430;Jet;2016;PCIe 3.0 x8;4 GB, DDR3, 64 bit;780 MHz;1000 MHz;320 / 20 / 8
2454;Radeon R5 M435;Jet;May 15th, 2016;PCIe 3.0 x8;2 GB, GDDR5, 64 bit;780 MHz;1125 MHz;320 / 20 / 8
2455;Radeon R5 M445;Meso;2016;PCIe 3.0 x8;4 GB, GDDR5, 64 bit;920 MHz;1000 MHz;384 / 24 / 8
2456;Radeon R5 M465;Meso;2016;PCIe 3.0 x8;4 GB, DDR3, 64 bit;1000 MHz;1000 MHz;384 / 24 / 8
2457;Radeon R5 Mobile Graphics;Stoney;Jun 1st, 2016;IGP;System Shared;200 MHz;System Shared;192 / 12 / 8
2458;Radeon R6 M435DX;Jet;Dec 12th, 2016;IGP;System Shared;955 MHz;System Shared;384 / 24 / 8
2459;Radeon R7 350;Cape Verde;Jul 6th, 2016;PCIe 3.0 x16;2 GB, GDDR5, 128 bit;800 MHz;1125 MHz;512 / 32 / 16
2460;Radeon R7 430 OEM;Oland;Jun 30th, 2016;PCIe 3.0 x8;2 GB, DDR3, 128 bit;730 MHz;900 MHz;384 / 24 / 8
2461;Radeon R7 435 OEM;Oland;Jun 30th, 2016;PCIe 3.0 x8;2 GB, DDR3, 64 bit;920 MHz;1000 MHz;320 / 20 / 8
2462;Radeon R7 450 OEM;Cape Verde;Jun 30th, 2016;PCIe 3.0 x16;2 GB, GDDR5, 128 bit;925 MHz;1125 MHz;512 / 32 / 16
2463;Radeon R7 M440;Meso;May 15th, 2016;PCIe 3.0 x8;4 GB, DDR3, 64 bit;891 MHz;900 MHz;320 / 20 / 8
2464;Radeon R7 M445;Meso;May 15th, 2016;PCIe 3.0 x8;4 GB, GDDR5, 64 bit;780 MHz;1000 MHz;320 / 20 / 8
2465;Radeon R7 M460;Meso;May 15th, 2016;PCIe 3.0 x8;4 GB, GDDR5, 64 bit;730 MHz;1125 MHz;384 / 24 / 8
2466;Radeon R7 M465;Topaz;May 15th, 2016;PCIe 3.0 x8;2 GB, GDDR5, 64 bit;730 MHz;1125 MHz;384 / 24 / 8
2467;Radeon R7 M465;Litho;May 15th, 2016;PCIe 3.0 x8;2 GB, GDDR5, 128 bit;825 MHz;1000 MHz;384 / 24 / 8
2468;Radeon R7 M465X;Tropo;May 15th, 2016;PCIe 3.0 x16;2 GB, GDDR5, 128 bit;900 MHz;1125 MHz;512 / 32 / 16
2469;Radeon R8 M435DX;Jet;Dec 12th, 2016;IGP;System Shared;955 MHz;System Shared;384 / 24 / 8
2470;Radeon R8 M445DX;Meso;May 15th, 2016;IGP;System Shared;780 MHz;System Shared;320 / 20 / 8
2471;Radeon R9 M470;Emerald;May 15th, 2016;PCIe 3.0 x16;4 GB, GDDR5, 128 bit;900 MHz;1500 MHz;768 / 48 / 16
2472;Radeon R9 M470X;Emerald;May 15th, 2016;PCIe 3.0 x16;4 GB, GDDR5, 128 bit;1000 MHz;1500 MHz;896 / 56 / 16
2473;Radeon R9 M485X;Amethyst;May 15th, 2016;MXM-B (3.0);8 GB, GDDR5, 256 bit;723 MHz;1250 MHz;2048 / 128 / 32
2474;Radeon RX 455 OEM;Tobago;Jun 30th, 2016;PCIe 3.0 x16;2 GB, GDDR5, 128 bit;1050 MHz;1625 MHz;768 / 48 / 16
2475;Radeon RX 460;Baffin;Aug 8th, 2016;PCIe 3.0 x8;2 GB, GDDR5, 128 bit;1090 MHz;1750 MHz;896 / 56 / 16
2476;Radeon RX 460 Mobile;Baffin;Aug 8th, 2016;MXM-B (3.0);4 GB, GDDR5, 128 bit;1000 MHz;1250 MHz;896 / 56 / 16
2477;Xbox One S GPU;Durango 2;Aug 2nd, 2016;IGP;8 GB, DDR3, 256 bit;914 MHz;1066 MHz;768 / 48 / 16
2478;HD Graphics 505;Apollo Lake GT1.5;Sep 1st, 2016;Ring Bus;System Shared;200 MHz;System Shared;144 / 18 / 3
2479;HD Graphics 610;Kaby Lake GT1;Aug 30th, 2016;Ring Bus;System Shared;300 MHz;System Shared;96 / 12 / 2
2480;HD Graphics 610;Kaby Lake GT1;Aug 30th, 2016;Ring Bus;System Shared;350 MHz;System Shared;96 / 12 / 2
2481;HD Graphics 615;Kaby Lake GT2;Aug 30th, 2016;Ring Bus;System Shared;300 MHz;System Shared;192 / 24 / 3
2482;HD Graphics 620;Kaby Lake GT2;Aug 30th, 2016;Ring Bus;System Shared;300 MHz;System Shared;192 / 24 / 3
2483;HD Graphics 630;Kaby Lake GT2;Aug 30th, 2016;Ring Bus;System Shared;350 MHz;System Shared;192 / 24 / 3
2484;HD Graphics 630;Kaby Lake GT2;Aug 30th, 2016;Ring Bus;System Shared;350 MHz;System Shared;192 / 24 / 3
2485;HD Graphics P630;Kaby Lake GT2;Aug 5th, 2016;Ring Bus;System Shared;350 MHz;System Shared;192 / 24 / 3
2486;GeForce 920MX;GM108;Mar 25th, 2016;PCIe 3.0 x8;2 GB, DDR3, 64 bit;965 MHz;900 MHz;256 / 24 / 8
2487;GeForce 930MX;GM108;Mar 1st, 2016;PCIe 3.0 x8;2 GB, DDR3, 64 bit;952 MHz;900 MHz;384 / 24 / 8
2488;GeForce 940MX;GM108;2016;PCIe 3.0 x8;2 GB, DDR3, 64 bit;1004 MHz;1001 MHz;384 / 24 / 8
2489;GeForce 940MX;GM108;2016;PCIe 3.0 x8;1024 MB, GDDR5, 64 bit;954 MHz;1253 MHz;384 / 24 / 8
2490;GeForce 940MX;GM107;Jun 28th, 2016;PCIe 3.0 x8;2 GB, GDDR5, 64 bit;795 MHz;1253 MHz;512 / 32 / 8
2491;GeForce 945M;GM108;Apr 8th, 2016;PCIe 3.0 x8;1024 MB, DDR3, 64 bit;1006 MHz;1001 MHz;384 / 24 / 8
2492;GeForce GT 610 OEM;GF108;Apr 2nd, 2016;PCIe 2.0 x16;2 GB, DDR3, 64 bit;701 MHz;500 MHz;48 / 8 / 2
2493;GeForce GT 710;GF119;Jan 26th, 2016;PCIe 2.0 x16;1024 MB, DDR3, 64 bit;810 MHz;898 MHz;48 / 8 / 4
2494;GeForce GTX 1050;GP107;Oct 25th, 2016;PCIe 3.0 x16;2 GB, GDDR5, 128 bit;1354 MHz;1752 MHz;640 / 40 / 32
2495;GeForce GTX 1050 Ti;GP107;Oct 25th, 2016;PCIe 3.0 x16;4 GB, GDDR5, 128 bit;1291 MHz;1752 MHz;768 / 48 / 32
2496;GeForce GTX 1070;GP104;Jun 10th, 2016;PCIe 3.0 x16;8 GB, GDDR5, 256 bit;1506 MHz;2002 MHz;1920 / 120 / 64
2497;GeForce GTX 1070 Mobile;GP104;Aug 15th, 2016;PCIe 3.0 x16;8 GB, GDDR5, 256 bit;1443 MHz;2002 MHz;2048 / 128 / 64
2498;GeForce GTX 1080;GP104;May 27th, 2016;PCIe 3.0 x16;8 GB, GDDR5X, 256 bit;1607 MHz;1251 MHz;2560 / 160 / 64
2499;GeForce GTX 1080 Mobile;GP104;Aug 15th, 2016;PCIe 3.0 x16;8 GB, GDDR5X, 256 bit;1557 MHz;1251 MHz;2560 / 160 / 64
2500;GeForce GTX 760 OEM;GK104;Nov 6th, 2016;PCIe 3.0 x16;2 GB, GDDR5, 256 bit;993 MHz;1650 MHz;1344 / 112 / 32
2501;GeForce GTX 950 Low Power;GM206;Mar 1st, 2016;PCIe 3.0 x16;2 GB, GDDR5, 128 bit;1026 MHz;1653 MHz;768 / 48 / 32
2502;GeForce GTX 965M;GM206;2016;MXM-B (3.0);2 GB, GDDR5, 128 bit;935 MHz;1253 MHz;1024 / 64 / 32
2503;Jetson TX2 GPU;GP10B;2016;IGP;System Shared;854 MHz;System Shared;256 / 16 / 16
2504;Quadro GP100;GP100;Oct 1st, 2016;PCIe 3.0 x16;16 GB, HBM2, 4096 bit;1304 MHz;715 MHz;3584 / 224 / 96
2505;Quadro M2000;GM206;Apr 8th, 2016;PCIe 3.0 x16;4 GB, GDDR5, 128 bit;796 MHz;1653 MHz;768 / 48 / 32
2506;Quadro M500M;GM108;Apr 27th, 2016;MXM-A (3.0);2 GB, DDR3, 64 bit;1029 MHz;900 MHz;384 / 16 / 8
2507;Quadro M6000 24 GB;GM200;Mar 5th, 2016;PCIe 3.0 x16;24 GB, GDDR5, 384 bit;988 MHz;1653 MHz;3072 / 256 / 96
2508;Quadro P5000;GP104;Oct 1st, 2016;PCIe 3.0 x16;16 GB, GDDR5X, 256 bit;1607 MHz;1127 MHz;2560 / 160 / 64
2509;Quadro P6000;GP102;Oct 1st, 2016;PCIe 3.0 x16;24 GB, GDDR5X, 384 bit;1506 MHz;1127 MHz;3840 / 240 / 96
2510;TITAN X Pascal;GP102;Aug 2nd, 2016;PCIe 3.0 x16;12 GB, GDDR5X, 384 bit;1417 MHz;1251 MHz;3584 / 224 / 96
2511;FirePro S7100X;Amethyst;May 25th, 2016;PCIe 3.0 x16;8 GB, GDDR5, 256 bit;725 MHz;1250 MHz;2048 / 128 / 32
2512;Playstation 4 Pro GPU;Neo;Nov 10th, 2016;IGP;8 GB, GDDR5, 256 bit;911 MHz;1700 MHz;2304 / 144 / 32
2513;Playstation 4 Slim GPU;Liverpool 16nm;Sep 7th, 2016;IGP;8 GB, GDDR5, 256 bit;800 MHz;1375 MHz;1152 / 72 / 32
2514;Radeon E9260 MXM;Baffin;Sep 27th, 2016;MXM-A (3.0);4 GB, GDDR5, 128 bit;1090 MHz;1750 MHz;896 / 48 / 16
2515;Radeon E9260 PCIe;Baffin;Sep 27th, 2016;PCIe 3.0 x8;4 GB, GDDR5, 128 bit;1090 MHz;1750 MHz;896 / 48 / 16
2516;Radeon Pro 450;Baffin;Oct 30th, 2016;PCIe 3.0 x8;2 GB, GDDR5, 128 bit;800 MHz;1270 MHz;640 / 40 / 16
2517;Radeon Pro 455;Baffin;Oct 30th, 2016;PCIe 3.0 x8;2 GB, GDDR5, 128 bit;855 MHz;1270 MHz;768 / 48 / 16
2518;Radeon Pro 460;Baffin;Oct 30th, 2016;PCIe 3.0 x8;4 GB, GDDR5, 128 bit;850 MHz;1270 MHz;1024 / 64 / 16
2519;Radeon Pro Duo;Capsaicin;Apr 26th, 2016;PCIe 3.0 x16;4 GB, HBM, 4096 bit;1000 MHz;500 MHz;4096 / 256 / 64
2520;Radeon Pro SSG;Fiji;Jul 26th, 2016;PCIe 3.0 x16;4 GB, HBM, 4096 bit;1000 MHz;500 MHz;4096 / 256 / 64
2521;Radeon Pro V5300X;Baffin;Never Released;PCIe 3.0 x8;4 GB, GDDR5, 128 bit;1125 MHz;1500 MHz;1024 / 64 / 16
2522;Radeon Pro WX 4100;Baffin;Nov 10th, 2016;PCIe 3.0 x8;4 GB, GDDR5, 128 bit;1125 MHz;1500 MHz;1024 / 64 / 16
2523;Radeon Pro WX 5100;Ellesmere;Nov 18th, 2016;PCIe 3.0 x16;8 GB, GDDR5, 256 bit;713 MHz;1250 MHz;1792 / 112 / 32
2524;Radeon R5 430 OEM;Oland;Jun 30th, 2016;PCIe 3.0 x8;2 GB, GDDR5, 64 bit;730 MHz;1150 MHz;384 / 24 / 8
2525;Radeon R5 435 OEM;Banks;Jun 30th, 2016;PCIe 3.0 x8;2 GB, DDR3, 64 bit;1030 MHz;1125 MHz;320 / 20 / 8
2526;Radeon R5 M420;Jet;May 15th, 2016;PCIe 3.0 x8;4 GB, DDR3, 64 bit;780 MHz;1000 MHz;320 / 20 / 8
2527;Radeon R5 M430;Jet;2016;PCIe 3.0 x8;4 GB, DDR3, 64 bit;780 MHz;1000 MHz;320 / 20 / 8
2528;Radeon R5 M430;Jet;May 15th, 2016;PCIe 3.0 x8;2 GB, DDR3, 64 bit;780 MHz;1125 MHz;320 / 20 / 8
2529;Radeon R5 M430;Exo;May 15th, 2016;PCIe 3.0 x8;4 GB, DDR3, 64 bit;1030 MHz;900 MHz;320 / 20 / 8
2530;Radeon R5 M435;Jet;May 15th, 2016;PCIe 3.0 x8;2 GB, GDDR5, 64 bit;780 MHz;1125 MHz;320 / 20 / 8
2531;Radeon R5 M445;Meso;2016;PCIe 3.0 x8;4 GB, GDDR5, 64 bit;920 MHz;1000 MHz;384 / 24 / 8
2532;Radeon R5 M465;Meso;2016;PCIe 3.0 x8;4 GB, DDR3, 64 bit;1000 MHz;1000 MHz;384 / 24 / 8
2533;Radeon R5 Mobile Graphics;Stoney;Jun 1st, 2016;IGP;System Shared;200 MHz;System Shared;192 / 12 / 8
2534;Radeon R6 M435DX;Jet;Dec 12th, 2016;IGP;System Shared;955 MHz;System Shared;384 / 24 / 8
2535;Radeon R7 350;Cape Verde;Jul 6th, 2016;PCIe 3.0 x16;2 GB, GDDR5, 128 bit;800 MHz;1125 MHz;512 / 32 / 16
2536;Radeon R7 430 OEM;Oland;Jun 30th, 2016;PCIe 3.0 x8;2 GB, DDR3, 128 bit;730 MHz;900 MHz;384 / 24 / 8
2537;Radeon R7 435 OEM;Oland;Jun 30th, 2016;PCIe 3.0 x8;2 GB, DDR3, 64 bit;920 MHz;1000 MHz;320 / 20 / 8
2538;Radeon R7 450 OEM;Cape Verde;Jun 30th, 2016;PCIe 3.0 x16;2 GB, GDDR5, 128 bit;925 MHz;1125 MHz;512 / 32 / 16
2539;Radeon R7 M440;Meso;May 15th, 2016;PCIe 3.0 x8;4 GB, DDR3, 64 bit;891 MHz;900 MHz;320 / 20 / 8
2540;Radeon R7 M445;Meso;May 15th, 2016;PCIe 3.0 x8;4 GB, GDDR5, 64 bit;780 MHz;1000 MHz;320 / 20 / 8
2541;Radeon R7 M460;Meso;May 15th, 2016;PCIe 3.0 x8;4 GB, GDDR5, 64 bit;730 MHz;1125 MHz;384 / 24 / 8
2542;Radeon R7 M465;Topaz;May 15th, 2016;PCIe 3.0 x8;2 GB, GDDR5, 64 bit;730 MHz;1125 MHz;384 / 24 / 8
2543;Radeon R7 M465;Litho;May 15th, 2016;PCIe 3.0 x8;2 GB, GDDR5, 128 bit;825 MHz;1000 MHz;384 / 24 / 8
2544;Radeon R7 M465X;Tropo;May 15th, 2016;PCIe 3.0 x16;2 GB, GDDR5, 128 bit;900 MHz;1125 MHz;512 / 32 / 16
2545;Radeon R8 M435DX;Jet;Dec 12th, 2016;IGP;System Shared;955 MHz;System Shared;384 / 24 / 8
2546;Radeon R8 M445DX;Meso;May 15th, 2016;IGP;System Shared;780 MHz;System Shared;320 / 20 / 8
2547;Radeon R9 M470;Emerald;May 15th, 2016;PCIe 3.0 x16;4 GB, GDDR5, 128 bit;900 MHz;1500 MHz;768 / 48 / 16
2548;Radeon R9 M470X;Emerald;May 15th, 2016;PCIe 3.0 x16;4 GB, GDDR5, 128 bit;1000 MHz;1500 MHz;896 / 56 / 16
2549;Radeon R9 M485X;Amethyst;May 15th, 2016;MXM-B (3.0);8 GB, GDDR5, 256 bit;723 MHz;1250 MHz;2048 / 128 / 32
2550;Radeon RX 455 OEM;Tobago;Jun 30th, 2016;PCIe 3.0 x16;2 GB, GDDR5, 128 bit;1050 MHz;1625 MHz;768 / 48 / 16
2551;Radeon RX 460;Baffin;Aug 8th, 2016;PCIe 3.0 x8;2 GB, GDDR5, 128 bit;1090 MHz;1750 MHz;896 / 56 / 16
2552;Radeon RX 460 Mobile;Baffin;Aug 8th, 2016;MXM-B (3.0);4 GB, GDDR5, 128 bit;1000 MHz;1250 MHz;896 / 56 / 16
2553;Xbox One S GPU;Durango 2;Aug 2nd, 2016;IGP;8 GB, DDR3, 256 bit;914 MHz;1066 MHz;768 / 48 / 16
2554;HD Graphics P630;Kaby Lake GT2;Aug 5th, 2016;Ring Bus;System Shared;350 MHz;System Shared;192 / 24 / 3
2555;GeForce 920MX;GM108;Mar 25th, 2016;PCIe 3.0 x8;2 GB, DDR3, 64 bit;965 MHz;900 MHz;256 / 24 / 8
2556;GeForce 930MX;GM108;Mar 1st, 2016;PCIe 3.0 x8;2 GB, DDR3, 64 bit;952 MHz;900 MHz;384 / 24 / 8
2557;GeForce 940MX;GM108;2016;PCIe 3.0 x8;2 GB, DDR3, 64 bit;1004 MHz;1001 MHz;384 / 24 / 8
2558;GeForce 940MX;GM107;Jun 28th, 2016;PCIe 3.0 x8;2 GB, GDDR5, 64 bit;795 MHz;1253 MHz;512 / 32 / 8
2559;GeForce 940MX;GM108;2016;PCIe 3.0 x8;1024 MB, GDDR5, 64 bit;954 MHz;1253 MHz;384 / 24 / 8
2560;GeForce 945M;GM108;Apr 8th, 2016;PCIe 3.0 x8;1024 MB, DDR3, 64 bit;1006 MHz;1001 MHz;384 / 24 / 8
2561;GeForce GTX 1050;GP107;Oct 25th, 2016;PCIe 3.0 x16;2 GB, GDDR5, 128 bit;1354 MHz;1752 MHz;640 / 40 / 32
2562;GeForce GTX 1050 Ti;GP107;Oct 25th, 2016;PCIe 3.0 x16;4 GB, GDDR5, 128 bit;1291 MHz;1752 MHz;768 / 48 / 32
2563;GeForce GTX 1070;GP104;Jun 10th, 2016;PCIe 3.0 x16;8 GB, GDDR5, 256 bit;1506 MHz;2002 MHz;1920 / 120 / 64
2564;GeForce GTX 1070 Mobile;GP104;Aug 15th, 2016;PCIe 3.0 x16;8 GB, GDDR5, 256 bit;1443 MHz;2002 MHz;2048 / 128 / 64
2565;GeForce GTX 1080;GP104;May 27th, 2016;PCIe 3.0 x16;8 GB, GDDR5X, 256 bit;1607 MHz;1251 MHz;2560 / 160 / 64
2566;GeForce GTX 1080 Mobile;GP104;Aug 15th, 2016;PCIe 3.0 x16;8 GB, GDDR5X, 256 bit;1557 MHz;1251 MHz;2560 / 160 / 64
2567;GeForce GTX 760 OEM;GK104;Nov 6th, 2016;PCIe 3.0 x16;2 GB, GDDR5, 256 bit;993 MHz;1650 MHz;1344 / 112 / 32
2568;GeForce GTX 950 Low Power;GM206;Mar 1st, 2016;PCIe 3.0 x16;2 GB, GDDR5, 128 bit;1026 MHz;1653 MHz;768 / 48 / 32
2569;GeForce GTX 965M;GM206;2016;MXM-B (3.0);2 GB, GDDR5, 128 bit;935 MHz;1253 MHz;1024 / 64 / 32
2570;Jetson TX2 GPU;GP10B;2016;IGP;System Shared;854 MHz;System Shared;256 / 16 / 16
2571;Quadro GP100;GP100;Oct 1st, 2016;PCIe 3.0 x16;16 GB, HBM2, 4096 bit;1304 MHz;715 MHz;3584 / 224 / 96
2572;Quadro M2000;GM206;Apr 8th, 2016;PCIe 3.0 x16;4 GB, GDDR5, 128 bit;796 MHz;1653 MHz;768 / 48 / 32
2573;Quadro M500M;GM108;Apr 27th, 2016;MXM-A (3.0);2 GB, DDR3, 64 bit;1029 MHz;900 MHz;384 / 16 / 8
2574;Quadro M6000 24 GB;GM200;Mar 5th, 2016;PCIe 3.0 x16;24 GB, GDDR5, 384 bit;988 MHz;1653 MHz;3072 / 256 / 96
2575;Quadro P5000;GP104;Oct 1st, 2016;PCIe 3.0 x16;16 GB, GDDR5X, 256 bit;1607 MHz;1127 MHz;2560 / 160 / 64
2576;Quadro P6000;GP102;Oct 1st, 2016;PCIe 3.0 x16;24 GB, GDDR5X, 384 bit;1506 MHz;1127 MHz;3840 / 240 / 96
2577;TITAN X Pascal;GP102;Aug 2nd, 2016;PCIe 3.0 x16;12 GB, GDDR5X, 384 bit;1417 MHz;1251 MHz;3584 / 224 / 96
2578;Radeon Pro Duo;Capsaicin;Apr 26th, 2016;PCIe 3.0 x16;4 GB, HBM, 4096 bit;1000 MHz;500 MHz;4096 / 256 / 64
2579;Radeon Pro SSG;Fiji;Jul 26th, 2016;PCIe 3.0 x16;4 GB, HBM, 4096 bit;1000 MHz;500 MHz;4096 / 256 / 64
2580;GeForce GTX 1070;GP104;Jun 10th, 2016;PCIe 3.0 x16;8 GB, GDDR5, 256 bit;1506 MHz;2002 MHz;1920 / 120 / 64
2581;GeForce GTX 1070 Mobile;GP104;Aug 15th, 2016;PCIe 3.0 x16;8 GB, GDDR5, 256 bit;1443 MHz;2002 MHz;2048 / 128 / 64
2582;GeForce GTX 1080;GP104;May 27th, 2016;PCIe 3.0 x16;8 GB, GDDR5X, 256 bit;1607 MHz;1251 MHz;2560 / 160 / 64
2583;GeForce GTX 1080 Mobile;GP104;Aug 15th, 2016;PCIe 3.0 x16;8 GB, GDDR5X, 256 bit;1557 MHz;1251 MHz;2560 / 160 / 64
2584;Quadro GP100;GP100;Oct 1st, 2016;PCIe 3.0 x16;16 GB, HBM2, 4096 bit;1304 MHz;715 MHz;3584 / 224 / 96
2585;Quadro M6000 24 GB;GM200;Mar 5th, 2016;PCIe 3.0 x16;24 GB, GDDR5, 384 bit;988 MHz;1653 MHz;3072 / 256 / 96
2586;Quadro P5000;GP104;Oct 1st, 2016;PCIe 3.0 x16;16 GB, GDDR5X, 256 bit;1607 MHz;1127 MHz;2560 / 160 / 64
2587;Quadro P6000;GP102;Oct 1st, 2016;PCIe 3.0 x16;24 GB, GDDR5X, 384 bit;1506 MHz;1127 MHz;3840 / 240 / 96
2588;TITAN X Pascal;GP102;Aug 2nd, 2016;PCIe 3.0 x16;12 GB, GDDR5X, 384 bit;1417 MHz;1251 MHz;3584 / 224 / 96
2589;FirePro S7100X;Amethyst;May 25th, 2016;PCIe 3.0 x16;8 GB, GDDR5, 256 bit;725 MHz;1250 MHz;2048 / 128 / 32
2590;Playstation 4 Pro GPU;Neo;Nov 10th, 2016;IGP;8 GB, GDDR5, 256 bit;911 MHz;1700 MHz;2304 / 144 / 32
2591;Playstation 4 Slim GPU;Liverpool 16nm;Sep 7th, 2016;IGP;8 GB, GDDR5, 256 bit;800 MHz;1375 MHz;1152 / 72 / 32
2592;Radeon E9260 MXM;Baffin;Sep 27th, 2016;MXM-A (3.0);4 GB, GDDR5, 128 bit;1090 MHz;1750 MHz;896 / 48 / 16
2593;Radeon E9260 PCIe;Baffin;Sep 27th, 2016;PCIe 3.0 x8;4 GB, GDDR5, 128 bit;1090 MHz;1750 MHz;896 / 48 / 16
2594;Radeon Pro 450;Baffin;Oct 30th, 2016;PCIe 3.0 x8;2 GB, GDDR5, 128 bit;800 MHz;1270 MHz;640 / 40 / 16
2595;Radeon Pro 455;Baffin;Oct 30th, 2016;PCIe 3.0 x8;2 GB, GDDR5, 128 bit;855 MHz;1270 MHz;768 / 48 / 16
2596;Radeon Pro 460;Baffin;Oct 30th, 2016;PCIe 3.0 x8;4 GB, GDDR5, 128 bit;850 MHz;1270 MHz;1024 / 64 / 16
2597;Radeon Pro Duo;Capsaicin;Apr 26th, 2016;PCIe 3.0 x16;4 GB, HBM, 4096 bit;1000 MHz;500 MHz;4096 / 256 / 64
2598;Radeon Pro SSG;Fiji;Jul 26th, 2016;PCIe 3.0 x16;4 GB, HBM, 4096 bit;1000 MHz;500 MHz;4096 / 256 / 64
2599;Radeon Pro V5300X;Baffin;Never Released;PCIe 3.0 x8;4 GB, GDDR5, 128 bit;1125 MHz;1500 MHz;1024 / 64 / 16
2600;Radeon Pro WX 4100;Baffin;Nov 10th, 2016;PCIe 3.0 x8;4 GB, GDDR5, 128 bit;1125 MHz;1500 MHz;1024 / 64 / 16
2601;Radeon Pro WX 5100;Ellesmere;Nov 18th, 2016;PCIe 3.0 x16;8 GB, GDDR5, 256 bit;713 MHz;1250 MHz;1792 / 112 / 32
2602;Radeon R5 430 OEM;Oland;Jun 30th, 2016;PCIe 3.0 x8;2 GB, GDDR5, 64 bit;730 MHz;1150 MHz;384 / 24 / 8
2603;Radeon R5 435 OEM;Banks;Jun 30th, 2016;PCIe 3.0 x8;2 GB, DDR3, 64 bit;1030 MHz;1125 MHz;320 / 20 / 8
2604;Radeon R5 M420;Jet;May 15th, 2016;PCIe 3.0 x8;4 GB, DDR3, 64 bit;780 MHz;1000 MHz;320 / 20 / 8
2605;Radeon R5 M430;Jet;2016;PCIe 3.0 x8;4 GB, DDR3, 64 bit;780 MHz;1000 MHz;320 / 20 / 8
2606;Radeon R5 M430;Jet;May 15th, 2016;PCIe 3.0 x8;2 GB, DDR3, 64 bit;780 MHz;1125 MHz;320 / 20 / 8
2607;Radeon R5 M430;Exo;May 15th, 2016;PCIe 3.0 x8;4 GB, DDR3, 64 bit;1030 MHz;900 MHz;320 / 20 / 8
2608;Radeon R5 M435;Jet;May 15th, 2016;PCIe 3.0 x8;2 GB, GDDR5, 64 bit;780 MHz;1125 MHz;320 / 20 / 8
2609;Radeon R5 M445;Meso;2016;PCIe 3.0 x8;4 GB, GDDR5, 64 bit;920 MHz;1000 MHz;384 / 24 / 8
2610;Radeon R5 M465;Meso;2016;PCIe 3.0 x8;4 GB, DDR3, 64 bit;1000 MHz;1000 MHz;384 / 24 / 8
2611;Radeon R6 M435DX;Jet;Dec 12th, 2016;IGP;System Shared;955 MHz;System Shared;384 / 24 / 8
2612;Radeon R7 350;Cape Verde;Jul 6th, 2016;PCIe 3.0 x16;2 GB, GDDR5, 128 bit;800 MHz;1125 MHz;512 / 32 / 16
2613;Radeon R7 430 OEM;Oland;Jun 30th, 2016;PCIe 3.0 x8;2 GB, DDR3, 128 bit;730 MHz;900 MHz;384 / 24 / 8
2614;Radeon R7 435 OEM;Oland;Jun 30th, 2016;PCIe 3.0 x8;2 GB, DDR3, 64 bit;920 MHz;1000 MHz;320 / 20 / 8
2615;Radeon R7 450 OEM;Cape Verde;Jun 30th, 2016;PCIe 3.0 x16;2 GB, GDDR5, 128 bit;925 MHz;1125 MHz;512 / 32 / 16
2616;Radeon R7 M440;Meso;May 15th, 2016;PCIe 3.0 x8;4 GB, DDR3, 64 bit;891 MHz;900 MHz;320 / 20 / 8
2617;Radeon R7 M445;Meso;May 15th, 2016;PCIe 3.0 x8;4 GB, GDDR5, 64 bit;780 MHz;1000 MHz;320 / 20 / 8
2618;Radeon R7 M460;Meso;May 15th, 2016;PCIe 3.0 x8;4 GB, GDDR5, 64 bit;730 MHz;1125 MHz;384 / 24 / 8
2619;Radeon R7 M465;Litho;May 15th, 2016;PCIe 3.0 x8;2 GB, GDDR5, 128 bit;825 MHz;1000 MHz;384 / 24 / 8
2620;Radeon R7 M465;Topaz;May 15th, 2016;PCIe 3.0 x8;2 GB, GDDR5, 64 bit;730 MHz;1125 MHz;384 / 24 / 8
2621;Radeon R7 M465X;Tropo;May 15th, 2016;PCIe 3.0 x16;2 GB, GDDR5, 128 bit;900 MHz;1125 MHz;512 / 32 / 16
2622;Radeon R8 M435DX;Jet;Dec 12th, 2016;IGP;System Shared;955 MHz;System Shared;384 / 24 / 8
2623;Radeon R8 M445DX;Meso;May 15th, 2016;IGP;System Shared;780 MHz;System Shared;320 / 20 / 8
2624;Radeon R9 M470;Emerald;May 15th, 2016;PCIe 3.0 x16;4 GB, GDDR5, 128 bit;900 MHz;1500 MHz;768 / 48 / 16
2625;Radeon R9 M470X;Emerald;May 15th, 2016;PCIe 3.0 x16;4 GB, GDDR5, 128 bit;1000 MHz;1500 MHz;896 / 56 / 16
2626;Radeon R9 M485X;Amethyst;May 15th, 2016;MXM-B (3.0);8 GB, GDDR5, 256 bit;723 MHz;1250 MHz;2048 / 128 / 32
2627;Radeon RX 455 OEM;Tobago;Jun 30th, 2016;PCIe 3.0 x16;2 GB, GDDR5, 128 bit;1050 MHz;1625 MHz;768 / 48 / 16
2628;Radeon RX 460;Baffin;Aug 8th, 2016;PCIe 3.0 x8;2 GB, GDDR5, 128 bit;1090 MHz;1750 MHz;896 / 56 / 16
2629;Radeon RX 460 Mobile;Baffin;Aug 8th, 2016;MXM-B (3.0);4 GB, GDDR5, 128 bit;1000 MHz;1250 MHz;896 / 56 / 16
2630;Xbox One S GPU;Durango 2;Aug 2nd, 2016;IGP;8 GB, DDR3, 256 bit;914 MHz;1066 MHz;768 / 48 / 16
2631;GeForce 920MX;GM108;Mar 25th, 2016;PCIe 3.0 x8;2 GB, DDR3, 64 bit;965 MHz;900 MHz;256 / 24 / 8
2632;GeForce 930MX;GM108;Mar 1st, 2016;PCIe 3.0 x8;2 GB, DDR3, 64 bit;952 MHz;900 MHz;384 / 24 / 8
2633;GeForce 940MX;GM108;2016;PCIe 3.0 x8;2 GB, DDR3, 64 bit;1004 MHz;1001 MHz;384 / 24 / 8
2634;GeForce 940MX;GM107;Jun 28th, 2016;PCIe 3.0 x8;2 GB, GDDR5, 64 bit;795 MHz;1253 MHz;512 / 32 / 8
2635;GeForce 940MX;GM108;2016;PCIe 3.0 x8;1024 MB, GDDR5, 64 bit;954 MHz;1253 MHz;384 / 24 / 8
2636;GeForce 945M;GM108;Apr 8th, 2016;PCIe 3.0 x8;1024 MB, DDR3, 64 bit;1006 MHz;1001 MHz;384 / 24 / 8
2637;GeForce GTX 1050;GP107;Oct 25th, 2016;PCIe 3.0 x16;2 GB, GDDR5, 128 bit;1354 MHz;1752 MHz;640 / 40 / 32
2638;GeForce GTX 1050 Ti;GP107;Oct 25th, 2016;PCIe 3.0 x16;4 GB, GDDR5, 128 bit;1291 MHz;1752 MHz;768 / 48 / 32
2639;GeForce GTX 1070;GP104;Jun 10th, 2016;PCIe 3.0 x16;8 GB, GDDR5, 256 bit;1506 MHz;2002 MHz;1920 / 120 / 64
2640;GeForce GTX 1070 Mobile;GP104;Aug 15th, 2016;PCIe 3.0 x16;8 GB, GDDR5, 256 bit;1443 MHz;2002 MHz;2048 / 128 / 64
2641;GeForce GTX 1080;GP104;May 27th, 2016;PCIe 3.0 x16;8 GB, GDDR5X, 256 bit;1607 MHz;1251 MHz;2560 / 160 / 64
2642;GeForce GTX 1080 Mobile;GP104;Aug 15th, 2016;PCIe 3.0 x16;8 GB, GDDR5X, 256 bit;1557 MHz;1251 MHz;2560 / 160 / 64
2643;GeForce GTX 760 OEM;GK104;Nov 6th, 2016;PCIe 3.0 x16;2 GB, GDDR5, 256 bit;993 MHz;1650 MHz;1344 / 112 / 32
2644;GeForce GTX 950 Low Power;GM206;Mar 1st, 2016;PCIe 3.0 x16;2 GB, GDDR5, 128 bit;1026 MHz;1653 MHz;768 / 48 / 32
2645;GeForce GTX 965M;GM206;2016;MXM-B (3.0);2 GB, GDDR5, 128 bit;935 MHz;1253 MHz;1024 / 64 / 32
2646;Jetson TX2 GPU;GP10B;2016;IGP;System Shared;854 MHz;System Shared;256 / 16 / 16
2647;Quadro GP100;GP100;Oct 1st, 2016;PCIe 3.0 x16;16 GB, HBM2, 4096 bit;1304 MHz;715 MHz;3584 / 224 / 96
2648;Quadro M2000;GM206;Apr 8th, 2016;PCIe 3.0 x16;4 GB, GDDR5, 128 bit;796 MHz;1653 MHz;768 / 48 / 32
2649;Quadro M500M;GM108;Apr 27th, 2016;MXM-A (3.0);2 GB, DDR3, 64 bit;1029 MHz;900 MHz;384 / 16 / 8
2650;Quadro M6000 24 GB;GM200;Mar 5th, 2016;PCIe 3.0 x16;24 GB, GDDR5, 384 bit;988 MHz;1653 MHz;3072 / 256 / 96
2651;Quadro P5000;GP104;Oct 1st, 2016;PCIe 3.0 x16;16 GB, GDDR5X, 256 bit;1607 MHz;1127 MHz;2560 / 160 / 64
2652;Quadro P6000;GP102;Oct 1st, 2016;PCIe 3.0 x16;24 GB, GDDR5X, 384 bit;1506 MHz;1127 MHz;3840 / 240 / 96
2653;TITAN X Pascal;GP102;Aug 2nd, 2016;PCIe 3.0 x16;12 GB, GDDR5X, 384 bit;1417 MHz;1251 MHz;3584 / 224 / 96
2654;FirePro S7100X;Amethyst;May 25th, 2016;PCIe 3.0 x16;8 GB, GDDR5, 256 bit;725 MHz;1250 MHz;2048 / 128 / 32
2655;Playstation 4 Pro GPU;Neo;Nov 10th, 2016;IGP;8 GB, GDDR5, 256 bit;911 MHz;1700 MHz;2304 / 144 / 32
2656;Playstation 4 Slim GPU;Liverpool 16nm;Sep 7th, 2016;IGP;8 GB, GDDR5, 256 bit;800 MHz;1375 MHz;1152 / 72 / 32
2657;Radeon E9260 MXM;Baffin;Sep 27th, 2016;MXM-A (3.0);4 GB, GDDR5, 128 bit;1090 MHz;1750 MHz;896 / 48 / 16
2658;Radeon E9260 PCIe;Baffin;Sep 27th, 2016;PCIe 3.0 x8;4 GB, GDDR5, 128 bit;1090 MHz;1750 MHz;896 / 48 / 16
2659;Radeon Pro 455;Baffin;Oct 30th, 2016;PCIe 3.0 x8;2 GB, GDDR5, 128 bit;855 MHz;1270 MHz;768 / 48 / 16
2660;Radeon Pro 460;Baffin;Oct 30th, 2016;PCIe 3.0 x8;4 GB, GDDR5, 128 bit;850 MHz;1270 MHz;1024 / 64 / 16
2661;Radeon Pro Duo;Capsaicin;Apr 26th, 2016;PCIe 3.0 x16;4 GB, HBM, 4096 bit;1000 MHz;500 MHz;4096 / 256 / 64
2662;Radeon Pro SSG;Fiji;Jul 26th, 2016;PCIe 3.0 x16;4 GB, HBM, 4096 bit;1000 MHz;500 MHz;4096 / 256 / 64
2663;Radeon Pro V5300X;Baffin;Never Released;PCIe 3.0 x8;4 GB, GDDR5, 128 bit;1125 MHz;1500 MHz;1024 / 64 / 16
2664;Radeon Pro WX 4100;Baffin;Nov 10th, 2016;PCIe 3.0 x8;4 GB, GDDR5, 128 bit;1125 MHz;1500 MHz;1024 / 64 / 16
2665;Radeon Pro WX 5100;Ellesmere;Nov 18th, 2016;PCIe 3.0 x16;8 GB, GDDR5, 256 bit;713 MHz;1250 MHz;1792 / 112 / 32
2666;Radeon R7 450 OEM;Cape Verde;Jun 30th, 2016;PCIe 3.0 x16;2 GB, GDDR5, 128 bit;925 MHz;1125 MHz;512 / 32 / 16
2667;Radeon R7 M465X;Tropo;May 15th, 2016;PCIe 3.0 x16;2 GB, GDDR5, 128 bit;900 MHz;1125 MHz;512 / 32 / 16
2668;Radeon R9 M470;Emerald;May 15th, 2016;PCIe 3.0 x16;4 GB, GDDR5, 128 bit;900 MHz;1500 MHz;768 / 48 / 16
2669;Radeon R9 M470X;Emerald;May 15th, 2016;PCIe 3.0 x16;4 GB, GDDR5, 128 bit;1000 MHz;1500 MHz;896 / 56 / 16
2670;Radeon R9 M485X;Amethyst;May 15th, 2016;MXM-B (3.0);8 GB, GDDR5, 256 bit;723 MHz;1250 MHz;2048 / 128 / 32
2671;Radeon RX 455 OEM;Tobago;Jun 30th, 2016;PCIe 3.0 x16;2 GB, GDDR5, 128 bit;1050 MHz;1625 MHz;768 / 48 / 16
2672;Radeon RX 460;Baffin;Aug 8th, 2016;PCIe 3.0 x8;2 GB, GDDR5, 128 bit;1090 MHz;1750 MHz;896 / 56 / 16
2673;Radeon RX 460 Mobile;Baffin;Aug 8th, 2016;MXM-B (3.0);4 GB, GDDR5, 128 bit;1000 MHz;1250 MHz;896 / 56 / 16
2674;Xbox One S GPU;Durango 2;Aug 2nd, 2016;IGP;8 GB, DDR3, 256 bit;914 MHz;1066 MHz;768 / 48 / 16
2675;GeForce GTX 1050;GP107;Oct 25th, 2016;PCIe 3.0 x16;2 GB, GDDR5, 128 bit;1354 MHz;1752 MHz;640 / 40 / 32
2676;GeForce GTX 1050 Ti;GP107;Oct 25th, 2016;PCIe 3.0 x16;4 GB, GDDR5, 128 bit;1291 MHz;1752 MHz;768 / 48 / 32
2677;GeForce GTX 1070;GP104;Jun 10th, 2016;PCIe 3.0 x16;8 GB, GDDR5, 256 bit;1506 MHz;2002 MHz;1920 / 120 / 64
2678;GeForce GTX 1070 Mobile;GP104;Aug 15th, 2016;PCIe 3.0 x16;8 GB, GDDR5, 256 bit;1443 MHz;2002 MHz;2048 / 128 / 64
2679;GeForce GTX 1080;GP104;May 27th, 2016;PCIe 3.0 x16;8 GB, GDDR5X, 256 bit;1607 MHz;1251 MHz;2560 / 160 / 64
2680;GeForce GTX 1080 Mobile;GP104;Aug 15th, 2016;PCIe 3.0 x16;8 GB, GDDR5X, 256 bit;1557 MHz;1251 MHz;2560 / 160 / 64
2681;GeForce GTX 760 OEM;GK104;Nov 6th, 2016;PCIe 3.0 x16;2 GB, GDDR5, 256 bit;993 MHz;1650 MHz;1344 / 112 / 32
2682;GeForce GTX 950 Low Power;GM206;Mar 1st, 2016;PCIe 3.0 x16;2 GB, GDDR5, 128 bit;1026 MHz;1653 MHz;768 / 48 / 32
2683;GeForce GTX 965M;GM206;2016;MXM-B (3.0);2 GB, GDDR5, 128 bit;935 MHz;1253 MHz;1024 / 64 / 32
2684;Jetson TX2 GPU;GP10B;2016;IGP;System Shared;854 MHz;System Shared;256 / 16 / 16
2685;Quadro GP100;GP100;Oct 1st, 2016;PCIe 3.0 x16;16 GB, HBM2, 4096 bit;1304 MHz;715 MHz;3584 / 224 / 96
2686;Quadro M2000;GM206;Apr 8th, 2016;PCIe 3.0 x16;4 GB, GDDR5, 128 bit;796 MHz;1653 MHz;768 / 48 / 32
2687;Quadro M6000 24 GB;GM200;Mar 5th, 2016;PCIe 3.0 x16;24 GB, GDDR5, 384 bit;988 MHz;1653 MHz;3072 / 256 / 96
2688;Quadro P5000;GP104;Oct 1st, 2016;PCIe 3.0 x16;16 GB, GDDR5X, 256 bit;1607 MHz;1127 MHz;2560 / 160 / 64
2689;Quadro P6000;GP102;Oct 1st, 2016;PCIe 3.0 x16;24 GB, GDDR5X, 384 bit;1506 MHz;1127 MHz;3840 / 240 / 96
2690;TITAN X Pascal;GP102;Aug 2nd, 2016;PCIe 3.0 x16;12 GB, GDDR5X, 384 bit;1417 MHz;1251 MHz;3584 / 224 / 96
2691;No graphics cards found. Please change your search criteria.;;;;;;;
2692;No graphics cards found. Please change your search criteria.;;;;;;;
0;FirePro M3900;Seymour;Oct 19th, 2010;PCIe 2.0 x16;1024 MB, GDDR3, 64 bit;750 MHz;900 MHz;160 / 8 / 4
1;FirePro RG220A;M93;May 4th, 2010;PCIe 2.0 x16;512 MB, GDDR3, 256 bit;500 MHz;800 MHz;80 / 8 / 4
2;FireStream 9350;Cypress;Jun 1st, 2010;PCIe 2.0 x16;2 GB, GDDR5, 256 bit;700 MHz;1000 MHz;1440 / 72 / 32
3;FireStream 9370;Cypress;Jun 23rd, 2010;PCIe 2.0 x16;4 GB, GDDR5, 256 bit;825 MHz;1150 MHz;1600 / 80 / 32
4;Radeon HD 6250 IGP;Loveland;Nov 9th, 2010;IGP;System Shared;500 MHz;System Shared;80 / 8 / 4
5;Radeon HD 6310 IGP;Loveland;Nov 9th, 2010;IGP;System Shared;488 MHz;System Shared;80 / 8 / 4
6;Radeon HD 6330M;Robson;Nov 26th, 2010;PCIe 2.0 x16;1024 MB, GDDR3, 64 bit;500 MHz;800 MHz;80 / 8 / 4
7;Radeon HD 6350M;Robson;Nov 26th, 2010;PCIe 2.0 x16;1024 MB, GDDR3, 64 bit;500 MHz;800 MHz;80 / 8 / 4
8;Radeon HD 6370M;Robson;Nov 26th, 2010;PCIe 2.0 x16;1024 MB, GDDR3, 64 bit;750 MHz;800 MHz;80 / 8 / 4
9;Radeon HD 6530M;Capilano;Nov 26th, 2010;MXM-II;1024 MB, DDR3, 128 bit;450 MHz;900 MHz;400 / 20 / 8
10;Radeon HD 6550M;Lexington;Nov 26th, 2010;MXM-II;1024 MB, DDR3, 128 bit;600 MHz;900 MHz;400 / 20 / 8
11;Radeon HD 6550M;Capilano;Nov 26th, 2010;MXM-II;1024 MB, DDR3, 128 bit;600 MHz;900 MHz;400 / 20 / 8
12;Radeon HD 6570M;Capilano;Nov 26th, 2010;MXM-II;1024 MB, GDDR5, 128 bit;650 MHz;900 MHz;400 / 20 / 8
13;Radeon HD 6850;Barts;Oct 21st, 2010;PCIe 2.0 x16;1024 MB, GDDR5, 256 bit;775 MHz;1000 MHz;960 / 48 / 32
14;Radeon HD 6870;Barts;Oct 21st, 2010;PCIe 2.0 x16;1024 MB, GDDR5, 256 bit;900 MHz;1050 MHz;1120 / 56 / 32
15;Radeon HD 6950;Cayman;Dec 14th, 2010;PCIe 2.0 x16;2 GB, GDDR5, 256 bit;800 MHz;1250 MHz;1408 / 88 / 32
16;Radeon HD 6970;Cayman;Dec 14th, 2010;PCIe 2.0 x16;2 GB, GDDR5, 256 bit;880 MHz;1375 MHz;1536 / 96 / 32
17;FirePro 2460 Multi-View;Cedar;Apr 1st, 2010;PCIe 2.0 x16;512 MB, DDR3, 256 bit;500 MHz;500 MHz;80 / 8 / 4
18;FirePro M5800;Madison;Mar 1st, 2010;PCIe 2.0 x16;1024 MB, GDDR5, 128 bit;650 MHz;800 MHz;400 / 20 / 8
19;FirePro M7820;Broadway;May 1st, 2010;PCIe 2.0 x16;1024 MB, GDDR5, 128 bit;700 MHz;1000 MHz;800 / 40 / 16
20;FirePro RG220;M93;May 4th, 2010;PCIe 2.0 x16;512 MB, GDDR3, 256 bit;500 MHz;800 MHz;80 / 8 / 4
21;FirePro V3800;Redwood;Apr 26th, 2010;PCIe 2.0 x16;512 MB, DDR3, 64 bit;650 MHz;900 MHz;400 / 20 / 8
22;FirePro V4800;Redwood;Apr 26th, 2010;PCIe 2.0 x16;1024 MB, GDDR5, 128 bit;775 MHz;900 MHz;400 / 20 / 8
23;FirePro V5800;Juniper;Apr 26th, 2010;PCIe 2.0 x16;1024 MB, GDDR5, 128 bit;690 MHz;1000 MHz;800 / 40 / 16
24;FirePro V5800 DVI;Juniper;Apr 26th, 2010;PCIe 2.0 x16;1024 MB, GDDR5, 128 bit;690 MHz;1000 MHz;800 / 40 / 16
25;FirePro V7800;Cypress;Apr 26th, 2010;PCIe 2.0 x16;2 GB, GDDR5, 256 bit;700 MHz;1000 MHz;1440 / 72 / 32
26;FirePro V8800;Cypress;Apr 7th, 2010;PCIe 2.0 x16;2 GB, GDDR5, 256 bit;825 MHz;1150 MHz;1600 / 80 / 32
27;FirePro V9800;Cypress;Sep 9th, 2010;PCIe 2.0 x16;4 GB, GDDR5, 256 bit;850 MHz;1150 MHz;1600 / 80 / 32
28;FirePro V9800P;Cypress;Sep 9th, 2010;PCIe 2.0 x16;4 GB, GDDR5, 256 bit;850 MHz;1150 MHz;1600 / 80 / 32
29;Mobility Radeon HD 530v;M92;May 5th, 2010;MXM-A (3.0);512 MB, GDDR3, 64 bit;500 MHz;600 MHz;80 / 8 / 4
30;Mobility Radeon HD 540v;M92;May 5th, 2010;MXM-A (3.0);512 MB, GDDR3, 64 bit;500 MHz;700 MHz;80 / 8 / 4
31;Mobility Radeon HD 540v;M92;May 5th, 2010;MXM-A (3.0);512 MB, GDDR3, 64 bit;550 MHz;800 MHz;80 / 8 / 4
32;Mobility Radeon HD 545v;M92;May 5th, 2010;MXM-A (3.0);512 MB, GDDR3, 64 bit;720 MHz;800 MHz;80 / 8 / 4
33;Mobility Radeon HD 550v;M96;May 5th, 2010;PCIe 2.0 x16;1024 MB, GDDR3, 128 bit;450 MHz;600 MHz;320 / 32 / 8
34;Mobility Radeon HD 560v;M96;May 5th, 2010;PCIe 2.0 x16;1024 MB, GDDR3, 128 bit;550 MHz;700 MHz;320 / 32 / 8
35;Mobility Radeon HD 565v;M96;May 5th, 2010;PCIe 2.0 x16;1024 MB, GDDR3, 128 bit;675 MHz;800 MHz;320 / 32 / 8
36;Mobility Radeon HD 5670 Mac Edition;Madison;Apr 22nd, 2010;PCIe 2.0 x16;512 MB, GDDR3, 128 bit;650 MHz;795 MHz;400 / 20 / 8
37;Radeon HD 3570;RV620;Jul 5th, 2010;PCIe 2.0 x16;512 MB, DDR2, 64 bit;796 MHz;495 MHz;40 / 4 / 4
38;Radeon HD 4700;RV730;Feb 11th, 2010;PCIe 2.0 x16;512 MB, DDR2, 128 bit;600 MHz;400 MHz;320 / 32 / 8
39;Radeon HD 5450;Cedar;Feb 4th, 2010;PCIe 2.0 x16;512 MB, DDR2, 64 bit;650 MHz;400 MHz;80 / 8 / 4
40;Radeon HD 5450 PCI;Cedar;Feb 4th, 2010;PCI;512 MB, DDR2, 64 bit;650 MHz;333 MHz;80 / 8 / 4
41;Radeon HD 5450 PCIe x1;Cedar;Feb 4th, 2010;PCIe 2.0 x1;512 MB, DDR3, 64 bit;650 MHz;500 MHz;80 / 8 / 4
42;Radeon HD 5550;Redwood;Feb 9th, 2010;PCIe 2.0 x16;512 MB, GDDR5, 128 bit;550 MHz;800 MHz;320 / 16 / 8
43;Radeon HD 5570;Redwood;Feb 9th, 2010;PCIe 2.0 x16;1024 MB, GDDR3, 128 bit;650 MHz;800 MHz;400 / 20 / 8
44;Radeon HD 5570;Pinewood;Feb 9th, 2010;PCIe 2.0 x16;1024 MB, GDDR5, 128 bit;625 MHz;800 MHz;400 / 20 / 8
45;Radeon HD 5570 OEM;Redwood;Feb 9th, 2010;PCIe 2.0 x16;1024 MB, GDDR3, 128 bit;550 MHz;667 MHz;320 / 16 / 8
46;Radeon HD 5670 640SP Edition;Juniper;Jul 18th, 2010;PCIe 2.0 x16;512 MB, GDDR5, 128 bit;750 MHz;1000 MHz;640 / 32 / 8
47;Radeon HD 5770 Mac Edition;Juniper;Jul 4th, 2010;PCIe 2.0 x16;1024 MB, GDDR5, 128 bit;850 MHz;1195 MHz;800 / 40 / 16
48;Radeon HD 5770 X2;Juniper;Oct 13th, 2010;PCIe 2.0 x16;1024 MB, GDDR5, 128 bit;850 MHz;1200 MHz;800 / 40 / 16
49;Radeon HD 5830;Cypress;Feb 25th, 2010;PCIe 2.0 x16;1024 MB, GDDR5, 256 bit;800 MHz;1000 MHz;1120 / 56 / 16
50;Radeon HD 5870 Eyefinity 6;Cypress;Mar 11th, 2010;PCIe 2.0 x16;2 GB, GDDR5, 256 bit;850 MHz;1200 MHz;1600 / 80 / 32
51;Radeon HD 5870 Mac Edition;Cypress;Jun 30th, 2010;PCIe 2.0 x16;1024 MB, GDDR5, 256 bit;850 MHz;1195 MHz;1600 / 80 / 32
52;Xbox 360 S GPU;Xenos Vejle;Jun 19th, 2010;IGP;512 MB, GDDR3, 128 bit;500 MHz;700 MHz;240 / 16 / 8
53;Aubrey Isle;Knights Ferry;May 31st, 2010;PCIe 2.0 x16;2 GB, GDDR5, 256 bit;1200 MHz;1200 MHz;512 / 32 / 0
54;GeForce 315 OEM;GT216;Mar 31st, 2010;PCIe 2.0 x16;512 MB, DDR3, 64 bit;475 MHz;790 MHz;48 / 16 / 8
55;GeForce 320M;C89;Apr 1st, 2010;PCIe 2.0 x16;System Shared;450 MHz;System Shared;48 / 16 / 8
56;GeForce 320M Mac Edition;C89;Apr 1st, 2010;PCIe 2.0 x16;System Shared;450 MHz;System Shared;48 / 16 / 8
57;GeForce 405 OEM;GT216;Sep 3rd, 2010;PCIe 2.0 x16;512 MB, DDR3, 64 bit;475 MHz;800 MHz;48 / 16 / 8
58;GeForce 405 OEM;GT216;Sep 3rd, 2010;PCIe 2.0 x16;1024 MB, DDR2, 128 bit;475 MHz;400 MHz;24 / 12 / 8
59;GeForce 9500 GT Mac Edition;G96C;May 19th, 2010;PCIe 2.0 x16;512 MB, GDDR3, 128 bit;550 MHz;800 MHz;32 / 16 / 8
60;GeForce GT 320 OEM;GT215;Feb 2nd, 2010;PCIe 2.0 x16;1024 MB, GDDR3, 128 bit;540 MHz;790 MHz;72 / 24 / 8
61;GeForce GT 320M;GT216;Mar 3rd, 2010;PCIe 2.0 x16;1024 MB, DDR3, 128 bit;500 MHz;790 MHz;24 / 8 / 8
62;GeForce GT 330 OEM;G92B;Feb 2nd, 2010;PCIe 2.0 x16;256 MB, DDR2, 128 bit;500 MHz;510 MHz;96 / 48 / 16
63;GeForce GT 330 OEM;GT215;Feb 2nd, 2010;PCIe 2.0 x16;512 MB, GDDR3, 128 bit;550 MHz;1000 MHz;96 / 32 / 8
64;GeForce GT 330 OEM;G92;Feb 2nd, 2010;PCIe 2.0 x16;1024 MB, GDDR3, 256 bit;500 MHz;800 MHz;96 / 48 / 8
65;GeForce GT 330M Mac Edition;GT216;Apr 26th, 2010;MXM-A (3.0);512 MB, GDDR3, 128 bit;500 MHz;790 MHz;48 / 16 / 8
66;GeForce GT 340 OEM;GT215;Feb 2nd, 2010;PCIe 2.0 x16;1024 MB, GDDR3, 128 bit;550 MHz;850 MHz;96 / 32 / 8
67;GeForce GT 415 OEM;GT216;Sep 3rd, 2010;PCIe 2.0 x16;512 MB, DDR3, 128 bit;625 MHz;333 MHz;48 / 16 / 8
68;GeForce GT 420 OEM;GF108;Sep 3rd, 2010;PCIe 2.0 x16;1024 MB, DDR3, 128 bit;700 MHz;900 MHz;48 / 4 / 4
69;GeForce GT 420M;GF108;Sep 3rd, 2010;PCIe 2.0 x16;1024 MB, DDR3, 128 bit;500 MHz;800 MHz;96 / 16 / 4
70;GeForce GT 425M;GF108;Sep 3rd, 2010;PCIe 2.0 x16;1024 MB, DDR3, 128 bit;560 MHz;800 MHz;96 / 16 / 4
71;GeForce GT 430;GF108;Oct 11th, 2010;PCIe 2.0 x16;512 MB, DDR3, 64 bit;700 MHz;800 MHz;96 / 16 / 4
72;GeForce GT 430 OEM;GF108;Oct 11th, 2010;PCIe 2.0 x16;2 GB, DDR3, 128 bit;700 MHz;800 MHz;96 / 16 / 4
73;GeForce GT 430 PCI;GF108;Oct 11th, 2010;PCI;512 MB, DDR3, 64 bit;700 MHz;600 MHz;96 / 16 / 4
74;GeForce GT 435M;GF108;Sep 3rd, 2010;PCIe 2.0 x16;2 GB, DDR3, 128 bit;650 MHz;800 MHz;96 / 16 / 4
75;GeForce GT 440 OEM;GF106;Oct 11th, 2010;PCIe 2.0 x16;1536 MB, DDR3, 192 bit;810 MHz;900 MHz;144 / 24 / 24
76;GeForce GT 445M;GF106;Sep 3rd, 2010;PCIe 2.0 x16;3 GB, DDR3, 192 bit;590 MHz;800 MHz;144 / 24 / 24
77;GeForce GT 445M;GF106;Sep 3rd, 2010;PCIe 2.0 x16;1024 MB, GDDR5, 128 bit;570 MHz;625 MHz;144 / 24 / 16
78;GeForce GTS 450;GF106;Sep 13th, 2010;PCIe 2.0 x16;1024 MB, GDDR5, 128 bit;783 MHz;902 MHz;192 / 32 / 16
79;GeForce GTS 450 OEM;GF106;Oct 11th, 2010;PCIe 2.0 x16;1536 MB, GDDR5, 192 bit;790 MHz;1000 MHz;144 / 24 / 24
80;GeForce GTS 450 OEM;GF106;Sep 13th, 2010;PCIe 2.0 x16;512 MB, GDDR5, 128 bit;783 MHz;902 MHz;144 / 24 / 16
81;GeForce GTX 275 PhysX Edition;GT200B;Feb 16th, 2010;PCIe 2.0 x16;896 MB, GDDR3, 448 bit;633 MHz;1134 MHz;240 / 80 / 28
82;GeForce GTX 460;GF104;Jul 12th, 2010;PCIe 2.0 x16;1024 MB, GDDR5, 256 bit;675 MHz;900 MHz;336 / 56 / 32
83;GeForce GTX 460;GF104;Jul 12th, 2010;PCIe 2.0 x16;768 MB, GDDR5, 192 bit;675 MHz;900 MHz;336 / 56 / 24
84;GeForce GTX 460 OEM;GF104;Oct 11th, 2010;PCIe 2.0 x16;1024 MB, GDDR5, 256 bit;650 MHz;850 MHz;336 / 56 / 32
85;GeForce GTX 460 SE;GF104;Nov 15th, 2010;PCIe 2.0 x16;1024 MB, GDDR5, 256 bit;650 MHz;850 MHz;288 / 48 / 32
86;GeForce GTX 460 SE v2;GF114;Nov 15th, 2010;PCIe 2.0 x16;768 MB, GDDR5, 192 bit;650 MHz;850 MHz;288 / 48 / 24
87;GeForce GTX 460M;GF106;Sep 3rd, 2010;PCIe 2.0 x16;1536 MB, GDDR5, 192 bit;675 MHz;625 MHz;192 / 32 / 24
88;GeForce GTX 465;GF100;May 31st, 2010;PCIe 2.0 x16;1024 MB, GDDR5, 256 bit;608 MHz;802 MHz;352 / 44 / 32
89;GeForce GTX 470;GF100;Mar 26th, 2010;PCIe 2.0 x16;1280 MB, GDDR5, 320 bit;608 MHz;837 MHz;448 / 56 / 40
90;GeForce GTX 470M;GF104;Sep 3rd, 2010;MXM-B (3.0);1536 MB, GDDR5, 192 bit;535 MHz;750 MHz;288 / 48 / 24
91;GeForce GTX 480;GF100;Mar 26th, 2010;PCIe 2.0 x16;1536 MB, GDDR5, 384 bit;701 MHz;924 MHz;480 / 60 / 48
92;GeForce GTX 480M;GF100;May 25th, 2010;MXM-B (3.0);2 GB, GDDR5, 256 bit;425 MHz;600 MHz;352 / 44 / 32
93;GeForce GTX 570;GF110;Dec 7th, 2010;PCIe 2.0 x16;1280 MB, GDDR5, 320 bit;732 MHz;950 MHz;480 / 60 / 40
94;GeForce GTX 570 Rev. 2;GF110;Dec 7th, 2010;PCIe 2.0 x16;1280 MB, GDDR5, 320 bit;732 MHz;950 MHz;480 / 60 / 40
95;GeForce GTX 580;GF110;Nov 9th, 2010;PCIe 2.0 x16;1536 MB, GDDR5, 384 bit;772 MHz;1002 MHz;512 / 64 / 48
96;Quadro 2000;GF106;Dec 24th, 2010;PCIe 2.0 x16;1024 MB, GDDR5, 128 bit;625 MHz;650 MHz;192 / 32 / 16
97;Quadro 4000;GF100;Nov 2nd, 2010;PCIe 2.0 x16;2 GB, GDDR5, 256 bit;475 MHz;702 MHz;256 / 32 / 32
98;Quadro 5000M;GF100;Jul 27th, 2010;MXM-B (3.0);2 GB, GDDR5, 256 bit;405 MHz;600 MHz;320 / 40 / 32
99;Quadro 600;GF108;Dec 13th, 2010;PCIe 2.0 x16;1024 MB, DDR3, 128 bit;640 MHz;800 MHz;96 / 16 / 8
100;Quadro 6000;GF100;Dec 10th, 2010;PCIe 2.0 x16;6 GB, GDDR5, 384 bit;574 MHz;747 MHz;448 / 56 / 48
